168401694158500008072926509862
367904582089451668577777574146
280059660826000793208053268798
947603312426750315950133931751
480845187892170105194050133725
488730991342713631495337971667
76994927098496238993942078779
762087909639996561096571921703
271607422578790600920192296938
549269195411369524274105800660
531958502928756136293604724218
67364948636919670286001102796
885995671632794520083447399297
88578309365812663587391768352
383882492488914919408247481281
35318936829924392705776537531
123339444170885661628136970431
454719087987684467079971223941
691665159556796979683401937638
226721449516378681963850207997
569362397000737438342999381817
21391424443607456323185101719
94751324425847615343290950786
372667615782224367280735247688
116354223929534692865217073610
338129459678037392472440001397
761741748513696882533319265463
371847077423802939492254268883
367401347642260268550596972566
973971917855439091388296416285
269557456223569021200453712520
778179449437003297063479545171
748761097363599258497687925823
649548504505010418977050816973
942604373633028909697524737201
977558426857503458906379921734
618588993758569908724102616591
10169175875361541961057782287
739006909681553731725196130201
419470931705433222330546488458
822770542946501588308487451506
838749100010360654442473546975
770604639537357128406383830203
11697383004021397452709031386
310597772966554500690369317751
240645579757538584295858640130
356411796613162150674657214822
497490576391855870069610446730
44634263221782119738420829880
141352992410140194122509898047
121651151228435402804161822662
900575262151388484463812436423
667619786829761439348930405360
101393793548959249264381811239
306877246988437463842715237865
526830174346143486406209514134
984198919433129601362056931323
309847015307817038796491145369
612627888394567780432307400750
272741352472090464705405730900
84623536418091745084976354865
203302354077501958104138329792
256649122030316870379402903631
978691989265462799752263091505
839792993613916843993286193506
320668718906935776678013225910
665178432567349360791755436041
337847186561326769353924091900
314697215707061722528401620919
746914134142642346813324797
655904320532428488597040116225
504197011403428473701414712212
351614548470283557647441860332
276979865007380643334115188350
198925178509766153689196448855
412223899905438251911819198964
37035874600319576061416595588
629705445421769409489424906510
340845111956387362114759683731
821481222477622338665347073316
374197152132791584721084228323
501476640784152127848731891686
976460850538718887984273509946
949647819853165902793166006393
848984233299283185071547947139
717575559059822273933873609539
565875921026041352090825207526
969495894352014751980762158044
700162330412250915884816923711
568509051615536434671588835651
655636243956191224895728771860
632103273823926170312568073054
138033365157962089123504636652
986510655428902791445189435420
587585783396728367923921447248
221835427838649883618368363914
100034316820124078193935478157
657016989884511217114992284752
818376537821503117750330513854
209687539651241353618920685057
936017161077154697444516639422
632528232778990118388832523357
254723745434684314529852668262
887862309194219694817115647069
636500516796184525575662744132
253572706795755086046936963206
895558524493443832936484181143
496375207865473036755690970340
778945914334890331179324222209
199024641253902309040173848027
176113870545750729669430611306
909701733328360873417403549619
784006761788718641180527286075
719753248982515436978956327036
92286592628154552126403113362
110542259845524089514381483308
260594562668348050948764049378
262287292509677543946892767993
285446874062823549646831022462
267065781096940723369981358662
12305892040982798132558248866
435137179613035959287040014443
878520080590042997057560977660
837921132846011142555728640179
88540426909141453026901133107
453794199963743489833854180333
540575209982418344581917119124
384972938165498236460955031272
219137111841310481102260695827
12979298201990808583352647709
464709182352291543404277420341
432371946422109767363633070569
13160478420020898208649348023
756092957127494834822486657263
806231561442156023189886674033
171267108325821068600458980803
766507185987327393187926350229
684025652127154894381677154737
310622524908760539305568375971
245406683991371667770340495333
241027915277503655425559186619
877351530198466491838873622611
488973966081781992433471412528
572494955890557926466917464191
53728671843540479589428763140
127088571253913368111775330225
679935289634781604389148351595
270906658989836560631605767888
173565871573480515268153031932
495517508864966374721706428763
666006230547237039533093082367
235866631649659103556090649947
904457828797082111680700269626
498823763934506938655083988513
501681726672214370841743835029
263833594816902680224941468542
552155695005880376227058449773
782292668959239152444158931092
837621454216631104440599984930
664876090543321298363598666252
597317316459191796476121309025
4763117240605299375257932124
516783176616577185573709880485
997694231918047294931729812746
415941684106369551646078270937
142270790595505654188781177580
364538499423383521636596138102
603341850047500984792971485486
263303884955081128582847938513
486464288625438310865775348943
20834945142803880850557330875
861047593319130743990840342846
342851804341896308913347830398
555409737363336386171434646637
520620604265802979505904693075
305187969188342663103698445402
111943773240567637175178662049
624941395363895555521677663487
113506382992743707250059809182
845604166867281538314413205822
110752106932567937032331455290
310555893491735833910377845090
870604905213536246695859738747
578360951395854508830078941561
271051350513414048431827448255
230745969247029615485768789438
586988179956797989597266614516
139003993797936121770762288751
219717979387187635754524750560
294588587824953359895080404343
609927695012249545949584555044
251332761376039563178805192199
585724356893500933365567792642
594511856441590029270699348596
67149516973574862437857243394
495989012130786172574353238555
478488502909235992951661511380
926735584073462695566761591023
775489427158020445498936185784
300388014000897185294101573900
119499628124300651343942371398
644113725838396681005675069449
963415611560113988199344514110
258514813705979199485583452025
278623990239751224960773022319
927049313032885276127286627177
411841888682130392714937526217
762994166990511329762811672415
9179847271740072543644435384
66067302493160735058740039144
888355727918268225286292929376
629524885763918387485135830519
587933868884403015654136667586
407277386935426846012815135161
927428660482937087132264342831
760527148638396098061563378376
556716472353157217513375303402
670010210351499309886874076247
50747106473523793405263132857
618493675222819550530689283500
715904993498714544360241968129
749678881211217014827323688506
657833684571124058740049773797
105478356158462557163722688838
138855367476916044355451002266
142876481049241618721520122580
210895374982848220785004217428
46159561345217365891151535059
13350054281507390749497789631
280161493760122673763747659557
562906443455182791442324571470
140251956814034925608961807848
907985141957505270500190890707
395926253798974063041789414120
221930807476571168010749280808
495780874282072649729231921992
445532333348801757011301318874
36655499682942207807112731568
391864686664684572824966072039
878550012011698572247635903529
913738102562104466066317634452
787765506794864008078966469662
923613890547000941539767240226
941642344245475318570495165146
759584670274056346822897762987
739154355866367972498127397194
676214912825658888814492556883
607192176853929436923058180570
953108632282086630136495489321
563771480885318828350684597683
331736395822694637131785562007
745153991871839771578526434109
108013070527568500715065095565
720240585332162413191403725389
416653864368033462176889793922
197971684093998121601521291913
572403231454557651445976162298
615732670408663460531083694328
902511114445846412007984607856
443996560173681616789011369345
556769162235815023244428815921
456631569463453929811963991361
433369765485988461011112280943
778062522807470242340925593021
709275096303222347013839488922
671841047538890211476841806180
393364151368620563771457069659
166037054494332759532109137356
675822028726451701904539290238
851512311915183918701004897771
767318019113421443528850318971
590002862803061764482159217179
531571106150379422251164740591
220445616460399606332431992448
572685073114573175082378373993
512567541708840758988317589841
127670454340202246976593790720
678722424236899598186600273566
497562516968747510090758801652
303360441468766461970846719149
288980333324890113646556065216
203743961826029787082967664116
290822957050581739207003538665
209005628823096929873836486886
789329622095496670984368655797
598247063177839159163015829054
370543932556966637872294988453
741903033691166972617252012823
34189839241303920399873205971
743997882816585509289456907642
455201937872177042180382238132
11271094324259304392310972331
247568896175624450183265646388
18120333023434851922741896045
502160862749809099655052484681
541886429862437556499776883343
509200756995872759013515239643
744933895532321935231497757708
607813896084126883491452022305
57815638920020245398839963563
213691332463145881264769200026
142328036549967072247639652207
170657997478167471936601002532
676436003086724833109307526373
665848659281287697980235683277
218632790082511788771865658424
859025748581736201987515705411
501222684767154530244064601870
548663632131938427537170860004
842977344891354397760655669496
14170554378974348423741641940
547204085882489264211361450411
741369378359042599355976093331
552055867314603426172838086012
474186818326467371907543458225
718070010910676440030203357031
344104773528300357852500851262
222267148867335891097596812411
965921665266383795285691363806
238457794387462624410975109812
686387705037263831031113896332
441651506504615947489438691384
608455302709300568599141646991
991990906194408500294464255838
756782221639182016760749046426
901754283516936265844961322025
343747769091780887989849471471
127975134766365811577679133301
917865644754561921190618864782
899536022782193710665535264124
78621769207179356227032444
715140813128745536778524197654
924916303106331975096619420040
954673179147287726569530760863
150532698653223607553109235298
202308596270223369555962011231
193690389217360916396739617235
499867879489404582565945810311
93038362854594836376698363403
609462355125927886121154836863
590581621776447163212002986417
604234077930977489963016924336
215203616508261651950506387551
361861138554685375480264050829
869932393063899059791030382212
645426229680389975099502312774
649308337987895406009020834367
621407359433011404818468758821
755270737600928768817657986340
37139755401925051430186588235
16862713118772514769233142586
260940808308199771639509767071
509763760611549695851558475215
32218172105202412139627314870
723277863495908988578203862366
832590160171870626061598332569
329334387336164456150093106990
646177420740047790015246289980
385710847428733603604905847622
981966526059780606733828192428
32710051886211394210119622783
191069537178680201621745049140
531614956202259212005967234874
518357264214048563992638874194
744478269646616990990445193771
897088741456666533428840538496
67632534545328444607980502283
131313796288931758881171297346
797553444297364625293387150721
640974462628769536503124092978
595258504010195947531980248002
889905983639463966583044784298
405507159669961644238541170116
943884727270602316048415330461
362495646242715829423144947596
668286159147122317217227134502
514643394294192396155807756789
788927472142748845662006637500
170713800208382348702391280838
338430428631453491547773232713
477021893357868717782002407728
658181161965939342433377984398
211507088185721923264324624741
801006073042082216684523973217
733146906699663143031645102195
622109636075736009675286537610
20534656174005637806808501976
367963749955609133117096188734
699320004092288332608079846466
243736229579723989287084560534
798115791273311755542793434775
258055541953146313168492049677
956062991886388251481862502837
641115531404097730315054481481
21051869568108165384644443735
500168747277525652089916524153
174404956328857296330326188855
373701604625429902650819351985
520634860036073685708930180797
326165498208264404800356558813
999161168052429444696830103042
718763540725994195423700814917
460465664531648638103765074086
525502372540873075665145469642
79024655516121391533024694986
518531868842814228204872407887
541402695378868577999806484721
541492559811630552278611649585
927822928772306440564487072260
337787605054082751893768264920
996820190578081747970410564988
314254971973978508787190041917
771310727702781674041116413054
78600840375507079670591775637
12333391118086694953158714793
308286848588787243010963152593
106322798372072255888749965451
366267729412597781329653234843
480282798100313484229973578850
199849329963633237924230479065
142133628285625353454151338858
592236476775255644030759292393
308138919816926994682636221773
876117584476098157963789897790
446426883900864882115388016441
768061321300365682661522246595
811390399551485363075750725018
556564495685142457434128246493
194054462325764161110720952047
405922300760442113701178468590
199290190968430059400572414497
682057290952541826967245038486
374797484579131404196319921308
980139274020096087030719675044
195578387948374638056332537964
786610601377264623532588553621
280742296429029581897874410794
723056690349246882704430838001
78393615101691316568760379162
365355800369328036672440617851
963790207628183650526967443929
843602604085496343497116186994
304357604792883456659501263153
269554367346403836798772101848
924168646372223293794087082928
103208062988332383880800002778
214940158911335540622208334871
966306219321825938193508028674
961001894305671779855335257805
650688060023293561303580284692
302328173922623474501048989052
775891612719985849107219774665
471975148411472350020180082655
964116286862509355685542363489
519897065593613825362248712096
446817493853633882591154507380
587774474647222614622549482250
827891129739643768474725303488
49329267896962171958438346889
608500236236604941641449961446
795174933619686494500478000499
56183999270685074564573373900
252271973025099710835218718344
153569143443807529685921371845
928431788568452428715662626436
862560377927231913448525481497
191260622084486031031282576326
712145527832694423153284531335
38128094251575377789388434366
970851530978613459283212852759
480390081725383948995217512146
143004009883384985080368217733
260802893438416925846888070436
623496857383959847225915070960
143156938299188843304157943451
656998231335099219616653399400
780416848917188348329786188250
397591102109176084389876430265
737425524901872587832121885494
757239678701960313038668462666
340857345389025305828217372975
703130531167183171716738285710
508755191766951415585708048030
84281734933344700758361163208
462107445895106229711041542778
514855515924550304586964075197
603051748795906360587078051983
722046239844290840201583870216
160380608523180015631084298870
775461703131869521448885488925
332945669029326983109344340295
469562061755963109942190356003
573924212397212525196359466629
758929072739685691541376978149
161839095091484398470893619006
478688941208777819068631895284
536031011046540326178643979328
682121027932742881859192584735
365094891048124302766003724837
931077847679957079906901151687
61784872036973925017580993053
223572509953256750992837721528
776169599620302465880495159428
454112863430122788885637831906
987846692654971493600449961570
958572563946787510567752599340
74770184068039155472299739665
84544495757229591835902958170
19089697689995068444759415532
169707951113429682093977614657
930253832510453081122105138528
427482356903996608321877016359
94191722315979842003026646734
393280231536107091608540173659
668567237380000559323914795542
430594112519909289395912981221
538497945201292134024915110984
814038307632167520764053015484
704678391149284739676067985
194122219123356786465399203848
719555660352452608785383370897
296611042667578376173790250606
970918845791451085208799462828
890201350721162457573108231202
2594197375563850296773845719
132649682158862443775269433023
734138171204939317751818881453
346872677301701568042073276360
282669740038541664050354497781
753305219745876975940737022307
22851881268830381080117174665
494745626576062238753283481704
277091808602639648494246804428
243455395172025810403026217051
741177931907898615584132617962
23379846427482154314628861291
737998365591499809420730852184
192336265835650311370985182152
841694329465016726872489327967
880848883460191459795467372206
584256822020488685603434877653
860397527853317906811110205901
989180877796925148365279619721
809127331026900100819743854807
88145731865174373453852674251
328814129984337974014495759297
81622890178927682403674690317
436910918186809633633438325825
825637798315934898532655293589
658595749521434155775351127153
246567152816090141916177617616
910243062607613227965831383727
402634378793784654846783469198
715920788598132439577460555515
79590430593098468670718328588
754313567676746949275016546421
891312518967911852719672263020
491675779158851801954915638948
955085501137487387463759716502
147865239859124414043916146023
961070940615770574050884284913
813182307270767983028003888879
968819762901890703035859510238
811005719139509430484178992708
5206372061241635390518865022
403723826267318199435007517139
600825742005036694519786828261
981981199095277275571216742057
410557225563123332965190754547
731357918041152456229009233543
221144115978200391394128894510
87186905303969563639887261359
393738918521081346046641397563
78323272324153200171895309074
55876028251600758895361596430
479610721977513374704256075503
453892878501467560374613430568
987733668053730814160201439617
784395053541127868296201817170
232933533691021658378193607273
11207781954269683725251658830
13452686760007326308920480672
156830864931918285517441489426
203370412544468534513593468079
181843062377144663777432923382
512351108193864183479962748491
294832065810681509570412823040
263774857196379653195749023290
83041575702357252206642050443
349873021679473276937181588253
989739103714658240635368415252
477868413246017779929593963287
897871978242419439850203699100
817835706208312861150018017021
138984154182207144360176159184
894870712425286851100465281994
406258758041289860067166324623
224667127806614534326869561111
757072600117301478669880992516
784678003093671236858606490006
63743576386417430039414845023
20110064104936040530198426683
365617375664441661308935070740
483827730194115807022386801402
721764782266130653243712477401
572284104347242112965815421773
414388307495914930222743764667
230768656569636662620599609612
642146602667246775731166059158
992410389973091298624598434595
50358420413953853477108491758
661473213115828491947552419769
961427471666779981382308572522
861681701843692862968928934585
12682622997991099008167596772
251388644383206927048888390732
173871441375588275624230737922
647987147711533275378054724470
865487442957890590715129007855
507883432911875243302325142021
294037675990197881765211095248
102682560530353727954839960567
268385471859022621250486456783
99768718740237223611315629153
685005215969409196308495105557
772023971513478657283048536608
691754925485407168462551490849
16991456708968163115517353055
712248344215745430761503896213
266867084122154922195107144392
833845566398805992527443014999
421736066925408197960021004941
456271693342265794199339554159
141750268907184747045185773352
804388447574923152891745180562
179335476458415039020649775093
727892934004100043967929684626
876281789009491413866671254110
836170657281186788560205986871
590383361161475662807984324493
940956495726467691978463336336
871331813628779525876530434573
938937876580624906435361332553
59604125786044824059666685798
683258600035653554482674244124
205871065674001348799306164334
678720324362316941489167388911
307948898672496122869859557059
573812865424962821091970367816
696439833223681638614402066991
206618587664244274830457280406
619282947847726677601519337659
691895452957300426034681678387
386034256422176609959250513577
301587463185184235366909095801
676379238971391588071158939764
520090824196188655304663225271
194355743070195545952004497675
808728691602766184195952449662
455448625406137445702034593035
589882016274045821870933506027
215851621180957164447481064398
324199002843815683523412124320
830156978645664059052314568744
951837925527725052790320858236
581174006908254499119532836497
885845631239807718563947226760
376509623478224424451184135637
120675042795294828119450185164
921357188593113410464969031205
359846738774168340644717183971
214718412523605409504928121936
89647017344066437798048524451
844503249975015128019090808485
355398929707989819858707416360
462463117329574139963729511366
434281294893867118169161010335
992343375984652321111051886808
474692503366743531989410526623
822999507819453947525804585929
736353489679594317335811524356
858589931676698897502392681686
655610888977064302538248996102
403017704867944722792717876017
674272304893144002851073021700
760227588952469949865937367506
355701247282115166776777112291
868589527314685964700994815065
499485015068329425817831429541
536202924451329518189636268079
601422028023035442373103948102
404232543191896597011774057835
537573213184519760072363978544
801063273985035242060807924912
183302920512291219084991019013
718117032678184214349815879438
547766557133363562889334656388
311912417108201296600047949348
92572346044057942114595331427
907445777545242849873310404701
406908933249366762458329396553
521258213848292172892911952588
842241973564592235466922098979
3824082893798913638922028670
458574779395650457109882927524
84996970186850381537438152430
528623162173893444651390843018
12358508216439912411216166453
583861369413083418907437272751
716176832099572554255893049518
41431444119792248680144443381
702319779581736137531909727862
381785767415539900188901206133
617365069596767836708470216633
637987028749106985244266085664
773966593203593334748648755217
928893414992534481682690068201
523797431442269404549010340524
995298272550284897664436519995
805769916086818668597823223826
990679073772492526610730173807
532584056794328145263832066229
183541147855122890646710392830
947673120582935801198347544455
208361908850754730044075981687
19801174574851230139403956897
517527249780587062364744097593
549028327516215367552276507662
872447817140344027119238956501
307965042628448243000723175113
992618243344072166773210200565
396830722990381184059962978896
922430566636621500746820881363
675181198608975449299959128548
279743810404508288775739006226
315932860925608779013074647246
30931769442019037938582897026
483020095463217647986165456896
69853330882684775636771101670
544636384374686418771990837540
650155065469575394892959084450
822709978190692695710734369930
261903014999054647387977471052
406923800487490906537838918774
138703340602404518442550073029
390967480018003881694043618240
177945372684425742539259849315
824008892004428874138342198934
879156622743228456590153014022
497408389381183237464669275173
915492226826617596436582370186
634645953223520523889493259150
50525029817156749832541684810
329212322971038373946850603831
977322166981406283746929390819
470695039234348367169806793071
563922172594395229224845067780
489363861835122166937075688874
783616821742239233982660529974
964310710528813117035801521831
494547847826459936904957296245
488344443641653541223106170667
967117138643819380684673844151
720226266144724740986913277135
537797188902235336687702125260
50052754704926064480813618817
939982365642749659893625007077
306044137377133000333518832501
674159414091160338036714273302
898444402438754697961184823799
529581555990820434158633715525
507201366983693296428131875429
563160234073975585355995342231
824680317042747702754093248898
817771238793109284861879419610
267210708919254155207471958960
54572812268563293049500654926
293718294914421352137731718758
678107202300438194500275730121
918521537549065378591645679133
231235511980030201833166468998
841502553663970646605364720657
349140431583410332483079589326
942739734662029161682263304442
679624601933456323046944309487
70894139827567319508283043368
213703610661198507277763840787
159795927636017888794450549461
535768031798691863980475678939
456752384881557543987419553722
427240448251577208883621578041
343802322622818733485889839823
476431036249458869304716232926
113431264349489273399764682711
364739361939994913865359925197
634815248877766801095402093763
464635393026772756565531245815
344803729942400707106489972821
665275611779068590145469694444
847847245753056900342746837224
380828299010179838481529859405
603029091912168415973193443101
242801030933489860105778565974
317562090467571160664887997425
960985383848912719415403154519
394877990267893597237600298196
878491869285867613780790637890
646089864008581511140442551616
934099188165562503314494546868
405233064610305363545509304459
391195719853142624964013058444
3426455194337740041268636462
333223180544331269841977221620
26949676457672618008691184735
133259120867012238929234355096
904602026121328483718958712235
245195824675962733532170252973
491412381429520341268051947459
996438143170616381829595811181
648356371260816163190869198636
787572034625259021494661425892
661280453790789411766767556187
962514355442589898517550835527
297421276792351126581127282008
446253899687188166543716546370
636061610535008391619721231662
578294883944013316995943897961
811227911323903758557231457364
201004912998822600727432836536
660568821518583441158955560884
909475643652944356763542088312
120817115132120009341992276897
134015670506499718794193941148
994748344534410400853042167759
38246525363709950930388787318
226351113116035648884303300184
235814454469373065335148884309
797514728312230641526473452231
469671834583136441278060140906
894038413201797818361605066992
729022603358601779435653563058
333837130080082391890670964695
758541897219811515481236280156
454775428065707577118425913910
200089621604677282744262520554
558073565738733838394171414547
243084361037734010738896829214
532225954759466597978543521581
306736053452438473144582436936
497684311320276035485375427297
803208068044650481065421600589
30751259230025182028155235922
836857770398320823514500799073
866010727199699053425327346545
701608191767500750738574116256
176803520043083763273307360316
817375986293706177841117752525
900570512942564053136658835485
144700147114189198263663603921
8938126375917066882452062302
412383446652558234751569530399
842793488072686579774319967752
771997414488681356770720943605
325590515702641117628740599737
973042067087585488995522849166
273978472193839498958818746168
284634351452532915639503338780
31189772816668915600164494594
827137654789409830765987713030
823778538120637812301594718115
147411352430789393426626507822
932139053073081894867919192539
236144850261313847889943299984
760211840522498446169837987802
404414270893729813126340633670
300785303134746958170023023769
19925440839548478996860870984
71995031192331655723730735152
566108228611834574696712891329
93547554423370955852857530915
673458138982843727819105933886
909800893759459048172716900558
564052662970777681627887875614
17389267545871003628247606826
594042614707781377677539891836
811076169989703953452856456279
750280919290591478673182073901
966939925431451767957847326991
73255111643402562695665456043
848508490126562270007617832626
389236679311254934883680056124
271717552051872051300371351753
17038134767762845426508390207
55544094371298451989553980799
369381998977238693942296618248
479818939225280797115853040977
470673456059427375737719402564
315794789051753499097871829374
929293429319114338333831865972
813645898395104088555733148808
874120041171918091093540266367
913248347988178934271135658478
453963117124685381185125727464
62182106209937315699914617573
797966790014809542610984791911
442646687353819822376792478553
354265523150281159925548668973
849156096863506241968869479616
897971382227197583066100338166
608840471673181329833837101466
795513504979176118204197016526
735664631379643503612852819332
416525418688229796797936319810
194848558887678252689605396857
977091016594087615494690953857
184371411638031898382899282574
946319071498098028865592335938
142212848396411015703352306338
342549319614814216442271297111
242353147652738431452040517474
958721569426697408101809212993
12214454360431415873949224366
850758043442027439892928745574
20690557055776536924240469492
52257328206691939432790488631
416023415552528575668557664781
523028976037645048200759292521
290021580182210312197691778419
699922330812886390737579253457
976715106266294073772974724291
244569870292936625582014264226
784916338007334723542936147717
265731290877427253281205292074
921810390159401847468823129002
873602573315454745067865941611
145598740969702157780631918477
920738148453181755653358995977
940161022781844193416053962404
665914470305475058091341014377
663298556862144701007509612161
117780167955480616840938000204
360719044923679432856640010055
590957689481308276348545842986
423270430537731110049403045205
221469174024798281568372682366
503984074437286165830473143624
309029730062067488363166511553
564854131455080700883524018412
200321564911270371549009267995
500076009816665137201657039855
307316339863768407294518862168
304725996396677439353202253201
175148021079274326753638714530
119616658465615688763215873369
183320135053067291250007452714
914145961710356419667308634893
693293259806621269764312450925
922393541289537412239130894858
889105853964661271330041059144
979179046723042198525658736604
787256450868405287681525544796
490058907316274919250386573297
110735440733160674788502710638
855474176915384723131714336813
343428822905999518358870050990
192144295097831727522240532470
950654518769576886423482360231
924740904296734382922792729250
238645714257550660628779440731
46171679596846987175960819286
481843266537762823500235057215
387263083444667988177991610220
731635384675687662063762444601
218108929850631639315977343440
241017743904428909932805915377
75733247112485387629214760894
743167974066936130782886243170
460476407095497496572628306287
935290265517418018491604705238
665713248783928088488788402443
77942816450871774061644899803
800154751084297477660130441350
452629868278313001669062927351
143284245160087825713634320947
722913714774045545213498004546
567899293595967883789102832287
146052077495942857274871021116
982993380947220902671637136357
419071020753494664436689241626
313914169003863068218549689876
664795532730172603533991700199
44021579271717776881982305252
672637871667083561838472472932
124250794579233848160955918652
584210779228630949208162101328
757811426552037284466483869878
721889840930554782974354272089
777034746418042130883499550289
518033360738532792146288267431
513441434650936682916814886607
