274809113628893220243042061581
684684999852749885402432123390
512356857421031784815140428198
981812023666812081942930186366
171209079865198863641027556100
232502125492380807532530004999
65541970147987503157394851100
123308872912248675136553190299
24955398744207733990194048823
879694487605672448321841625786
759614564866818319686700779336
974278834083229961341879582129
789676978040411205997951441800
429523101536882004769234791301
344810333365758982150987288324
517199327659070197027851359164
702311709587701574116717451763
237561613340318811858527634650
61816437650388496914622078133
489064918684626921064318453111
323082034362375557167544671936
547703351882284050836746733457
89823754941573586025551600080
149398959587359544988430995211
825804115472539137164838732696
292752681690675603581151666232
132331770060391990291611988330
968100301479019707164163008810
724769044102668078031565948604
831007004637856618165513672457
565872073141581928611989289983
589595449384320300467982104560
226200890348439047595781211005
598935204026202995127724827928
647983422897100387934541773555
429840310590838734929273539700
711527224943134501674668941710
555190313795249137602272786817
144743680339221472372569296044
687852039164851800968048221566
928025111939000105507942223311
179881452581628399044641869722
664449113011424345684768166578
925712802625739799815541265133
909294041889215662861590177041
344263201322818412137744409779
982586605846185022126524107710
700632111859625717705032107757
842561942251841882006436669361
775770196338044403447164440746
524206061788661861269180797083
555001288144298387622171276962
219638545393179192879838334120
615283526320425534092859063999
670171405206143984988954735781
180482531233366563357220655150
202618243104223603256359696275
351623441806107588046011279323
796249546490459000701704573201
641719962981213025278637173063
210759122649715448857210368177
960568424455973598750469659474
509618514220772746756985893822
118509142106255005580189054196
696110581600452264562872107827
421353592799541623898553882188
613922363665846087485395746551
576470877836961951480797842256
675591308762114244746449219050
456457470053583869502145540628
174634161965012925862794329512
238063242211916701159623390791
631847172552462036189874594232
762118896559122043934965822666
510172010106073022649845834902
150490319364917432365701907358
229474657304542686251036377685
319945571678644132782170601518
569414261533491019949934598862
788231904264390741235766059214
566886306721284830187460320149
552981659338369084268120336998
336604616766276159713914769835
4078473006981280586152532885
519715640772458684447160793200
453423540885425038293151660920
341618087316520331522866383437
810663661682638584640241462958
568462027580538071784187713035
90187588962969865517687092309
64187773512054223486042151999
78473648674369831221497544635
929356842291121346543255517710
30861325551666972369103986699
849836589230470088196985908422
745283607053370138644873046778
754671000462925642928530217007
418071012910153242933209028736
303358624802592105141245126666
144244361817580856900540481778
