475680590604932325164289923369
382981552860721513671033932603
246497297744616767484779198241
91709828659725760933198713026
294060944351495380584971467040
387166190181960171404218563546
40064659486395359164456616210
640880832973063138550223432133
477948048960622657079467051839
120524108761673906346156533459
648143196171579223442473542991
526922321512557838379983329122
595418557822759998643490880019
696394486897796402946796401319
246403489730552412434340443441
329001585362773589985352748109
110756526681523905549098207071
184208095398467785922485615562
51944727165509549856733642426
690080966914769866836354590215
415575175580697719154004687650
353204300980458294852981873957
216789720996861457719934024747
654127584329752618153264582464
660589772249463106499472657050
805252559346018995032675533666
121051564318261330301225735621
454405459652119794918614635663
893677508477078256574143962008
348221864749605717794866024836
660401787064934020320120146708
362709117206482786192048983149
838228548526753125345813478252
713073821365457112646427389107
376087818254284745664021554494
102789214478369628279685552189
730087041015098679358464345162
346176824621062995943200026826
338264931357216635162569113627
857156954806271510655600582605
538005563687255365785718401222
21946224485456084994375252968
570611526253842617398700120161
55120412472864378512648678611
973400026395643720024677950372
871943609760607111760969847215
608322754292821019259242630893
245057553487194523934035967631
910720765599199599537539161429
2089240768419156370479861500
165845767032440636785679055425
17210339396231160680200135533
816915212767550762952753041555
309132433452488071276762404204
896670274999206128523074040021
721329591698859022932107991680
716456089062656485935631618537
145708626412880699990114038987
799296372538856254280862952043
63473352646512085549331226292
175503361497700209430662213325
606260526789687293104835669696
452243568325745709080358064858
232261831263327146427269391467
440146923552520398265135152616
191706372901333519436447951270
263550338476010450817536196718
926254034647564407223677370959
653300722538030383984515994340
66015761889356876984474165484
205850013916092060418044661451
25788191804056815933695584074
850353960930640701979041318419
385261268846259867788734920398
260494477447714130898875271060
23517691335627379192494903980
983510219721235111615113162107
803150381012179992115879395260
81359563594041932113324881365
570539418886153797890393403787
150238037518014514489806654590
361608994761450249587537440886
208105703471632658434885925082
216548402799437571994642040964
231434354968987938112934592686
788925354090360630524499083342
133974720282142819324303640395
186823377595642827130874625658
837369225303854838737624224696
424541542158680476282955075154
871000075177400270878136863965
559593176822687491756496723911
606434119443672124550996934859
706362233719542261895924198542
821767959122153783931604458531
493380293093601555759999304192
799673080927204517095273960327
556420272441399134186492253185
275466176012516943003205802051
832690385075365189554140873593
326984796465963989246525247305
497377137389421531508404831397
115763290404494004967250174584
81154313822955251369804851554
335596989846582592705853117788
549922758852449248739831675298
503782946800390023621681335487
191520637869974979003460501899
918047985323634488880204069531
565410860070356805536191446305
976791633488958636575781408088
608723922360321025818792500645
377738414620912221953984197553
218090865490263956737885010913
830273705210728605811838714847
283630338203568963535898240108
828834102216425095618772788714
800301306234590249864896806577
60582441431599009737447557230
485460522411133284957823646183
643398228702701345387511303267
194221536132332450369106940795
524473513915072081280667775942
78786307132005534273443206017
904605501947817307994222032931
589925418945535184150232480916
654797546863854996683692865440
896913928960319470097157188096
237599295957317351107378293627
453082100833059200066480512800
121170204857553322128548758202
184380488873747743605750127569
800257639452972600510511802378
561694461783251026944043195269
289332507381523197834466071798
513053890038128471023657247682
979004623539413914467160800921
366472995606067043717945361575
961837333260097112813914986411
508794175970920968029372456330
206084711865113333199160533678
130648669758103399467651648452
216245438418688151499090195271
813077409479863889922363544945
3162098553407600845550669082
517147968251054943180046304336
725366630639257219602759305227
523199857891905460207728316728
687656558036039712814959742005
134571462120392782173077386696
806619405633018406755018050629
194983576900564026413947201720
938251293468998736666310487141
899530717992430588196371778777
110382367477047989120033778153
878946028542965673734113248647
253787756089477755594358101732
291983070067966148999320275986
654076563086264516137310308933
287263708548234519507007577632
743164828288969065284485976557
946731015196494676897860960440
339175246869979996785661349303
681248099532481845674920367986
358853916032961301852368912378
213745947963070964208827849939
11764689464066739338787675140
399135256901819520427226002641
792262641397247098024326517971
639651531542501238371912010103
326135030570405947475644216133
974523715628879747825825748092
859449862259766624069534309946
558394861045149008127413682566
707007260153157457097110809370
337253865147097435686844720523
949087289655197697874358046482
461818735852616405086441022944
622370863930910705636254227582
291151632147337121888627536466
460186045623048625876498707778
707236662486484963222760102752
813078784126660668109286851021
839529898667820024082837877596
469499485970640198158630821583
950798212103004079742189381353
380389183704035387782343734699
986290737487299693336759267926
256105944908197074559337092675
261896702908048307369390429428
827641851009177156004497457226
330272442169617359670439662520
915473651311966903788581294654
370542543915383131732123947769
695967951457436972893910534563
235410245165472087228028227804
366309002982050403218701874877
693089018003416890726565170479
762524870769540989770655587532
518846194480297790445183780787
880682473518782592100584471420
608743102086093992372538948788
766971867156126543797572210317
314204390664113558634625561560
433766547807287965535198614935
991535883582819566925878120316
747862415245460599077855763560
693957637805520255000473967085
183412103494211019570050614792
256687699441788147596598611457
96964980424625257646232469016
453186415183147772998379434843
799399009685826962653865575241
506258038427743120889648703475
304710364943820205408050618049
970466759278522558590773012592
691656732567054396413875598662
227644407978913219035689970255
390159546971750317964491455529
981626422304825579550503866624
483021560459754769994625113153
314501592703222194403801409549
274458302706043767971377016519
518597532154291457492975293034
44747316833238095438971575859
221873984725791064884475258780
936751256342573558368721526724
585027676282581012562948741320
372708444038698202416285854273
979431167230168027160363998678
9786523312594105224088539807
514942693561972133191947189074
687778167349776662403926242820
344995640722037323454007650601
181391366494616540703409691911
845387863235219508713455718649
656381718662740125888740224638
453743346191728624040231569377
520991630691774760336966714077
481529789105238932335741420793
831302709304084796824037560627
144927755323306071314971563152
684175144872841775811480286684
797786514746528469449183420868
905296136092716301275361236723
338973887237989790897994049574
177792277711971594981863202261
586548589121627749740766457494
110295867720071076569462786958
544392129528311317649414431607
692754503014069604503168499494
821686739284050523548382723697
200249617758560749334161216472
397793613748684025488691426389
682416064828583718291819419899
955585653660656832565955440217
156418078306218307154160057987
744735096531008007025523595507
196395335560971446419176806515
107246316081338987692891771186
851880761908097436077195253142
936889641448144069311343238126
750661600092772364087057471525
4841204545584382775829753506
121567264587465606104410484413
708250915485054467456170928531
902219231221540411870600372378
877391659803085961847493089811
106593563055045881150404399231
599683379894601733141737426627
64223890747422675146364423118
799181156032513721774644096127
373822340190898155945897266383
789929899205565955962478832223
943252367187911775587034860548
80603661832276562921745727015
482230248255013758076326504833
575451477990068205694200074601
176725128192413047530821836530
250105774885510026608415856572
748087594966442997548161025228
152713487573993659144238698245
927842207056515150190242080304
910135461557862436030371009431
969117397278082529445164651301
881747796484583064858944659126
396002088468417137774514257151
414868949743039780786663511239
911089395151025383410984844602
214165392093361076349183800345
947889807520501370663403060169
296900294928415149008655773255
933281363260444817861107877146
294108863670748031975503918718
636187502598915432936321509763
40966837185230151604941899097
613890663671032592820233898
24449709714341825758026099854
414510351726758178961758653642
107977528786508571598185099897
748105528404749374358605517878
462917726142100460588107085619
469573120498964229457093962068
343086829755611999318163543526
661679960283994933182497658439
211044215919853073488439356783
892335145089953872090557363977
252844942814664772186814365504
222059633147714726578282687126
859626972154018606896740037195
120484951029465518384206557172
102743633717797818990519790623
460263872189462343363852149822
615166753115074370476312340835
100143298353151392665037556016
925784583735711765805512816362
320381254924340808880486894032
380119850417443033646886049099
665464699234050859429779024041
195778214740245951018185371472
893549864132290128559981930191
736084165964867185496826011350
409712601497474462713138237358
439240012648277302650733810478
244975386699398705467002028885
239490617987516960701024717472
812820486797436424763939914251
605125520771635116073849984790
741558747242231514728467278890
692209860597106408250981724605
398586774617723698069619254356
871830646948317229812292320341
328820267163865514704462075032
809266202223081195902977286608
503904164916646750588249120722
707355504522350248767140668401
491020355821247290707271599779
775856622472567311534246217391
226510960792002330062094454117
640632111443280600343171398139
546419792402919018153620072091
919786004371253757438192258944
101239951813350668521014555642
436984243582729296950775009829
228298764608986543142396886058
375322042469368361583316841505
775615009620967599124528712083
47073025098065168746710666869
272361701265039591056143507093
79800813414583679297968504409
268820042352250320528493747371
926021263218812542657821441727
741127874148953736895612568281
541028681101592551276033133179
579093768356443722194326592134
297648914664594416365486077595
740787119161120658183918330679
336887804581452297591568238676
122879302364785709166354189297
971501644256956194505558522373
552767209997376650670562033466
304272621235497275388600564134
969790503310431087357104558748
504857770639896833656289906968
673674760964437932328981634580
545574451624706648085098271429
779047020995344410890863155438
632068918392073888567470340939
672788831225705397759851347751
96796324481641641217210710624
587971097030053210501278414514
104235232744289266095258546479
232850340124230027720465103453
307645573355750844402755224840
198375155177482466714406766165
352639769007521167422302334947
800964198912481750943376993882
923350078789975815942884544426
376703641577234546690277712178
517168528549888481333124759805
44808344066594695910256196227
18146202071851478359150920407
909205381315154627434201504705
445341698646351061718694105826
515893466301398743898178116120
587004220941671417321116064442
386762494524114195185956506934
597976217595359412853866158707
447175826038473718372603252200
666526889929085170639898849212
476701196499744452056026272621
176959810495052216479794905902
959575114601696009580029383394
838902778504681500907000994137
478269068492537621873699287354
743638819627849130848008447122
217051077549078498855111034692
838811555529757328581423705139
88260336979745593084541918894
969876493779498997277164735809
584433429584523335951918724756
532587864666171281439525474975
327485476895713624574947883974
934548670005843411949700115545
410264735528181855596844844830
160044919279285260470475011377
964328665620062872945990034663
809327957169833985838259573369
498660489817521355534524506820
717583392885381333417557237127
346950602503284461102795365671
758457359579587372834773340501
914214121893730187665306115106
587914173663577307599277063751
540347848255579897583251981166
632106877113584957195212975601
648570833712008411368249653548
756830546410009549486670182941
958127397204400539344577818807
583534895054990215490088903521
550360889313636523042244686027
196656009464020266137024462324
68978213090775767263853974055
690503398732366595264538765103
172853646616958006280859277343
518164709797268791952594156646
126597319907708962362004218519
414360198400186328827174964961
857135901196611901989754355790
28035182410070854820099571262
281073087133435990080443167429
781601597276479803723893032550
199308391902059758312791774804
783867702380493639281135579462
392519658401474784369869324133
2957857367695660441744487829
235988771694176473982255020210
469471924181350744882461040623
9174375209655464339360576339
609110423821353698261414583055
855856223379615307339302311471
944663012737666483415342400998
283568825461205157753064664920
920809894304316425808030439691
253471849586365161519741868028
773140440643055080970356705876
173820284092694914747769846596
240232414029792373568601483991
685460239246691158577521921736
478532925195778289460896633406
583185882299088411176107621498
426399624838815716103007809866
705827168219519889785761480851
90566588489918559388383685802
712028954120044100455156386389
797592681548662261432504097556
260203459711039857817074857194
480498512645714388285463605640
771813339439617891978553239736
978281426946797463256441269037
324853576461718606933806515484
60655608384654255277956087146
179477508010005019754702555082
981530553530346469146428591586
729255909752138472634502615340
12332214779669024313043902720
48795150894075080720213698136
10999372911184344822313762201
879743190684927893635566175319
237274025137867011350489465237
104061137960854277981366204884
188842689158962564638888948110
44296530988561496462936528644
20341253841152223408229620868
120762146741950213583082171579
70958416671978246776683135148
12080363075934805989024904772
678137169403964122410728015820
587458206788303890756648152469
218543790813365995135228838104
969935189734246455914422081914
242933434841001308001183686755
12315726663485351629332568128
72171547662756438850722472512
494592160914738298964711736494
277665209778752488439931661427
707967866664596618158522424430
316635688532379999410621015680
946255308715107564756557121838
364907753614130358144151745456
915960589334490999164638646219
358632152371865664375188656398
259955769807838014142225999890
321560678953349190319453024782
924184321049361263222144961551
235717887601402348060112895637
493553451776899249829353902154
203199015949895238845291180556
387056511244466840455358826068
662324901372507280587275491561
724075170708747159962261022519
133471229698620855508767796014
166019177087209140648139100055
236181035262432622156953723979
279954241680236970671766770757
435923277253885720554125962844
794608736620975957362463852131
945690403669120742195821042498
549878297029224297099975937742
600137585658220769994483725158
593079241140572019875748850203
16142876647353643034764799615
239005280681721898222410610474
890408415519590111142911632708
615463743777149713236612091940
680316041835882736077165922482
761856822821358971201128647760
337706251612727094153074412313
549679865854642506940590171675
684947573764275268415462795119
94086653753016746535335574085
504394989045067368988117389231
139962351924945103805933202600
918615744913487798466288980194
854453600221759376835261217862
543179970595196151712797694444
952577368931407259873791008563
20057410236991271553849967593
541470755998370191913335510970
931579667374682201093604052658
704010721319093139533159940336
600630824267491014846760720635
387060432456271167723639113664
896917560669566533368396255252
513409314731472020485442258275
814675865348456481083269730851
643180092291602241658263353728
139694329056226607619542496010
281602672229769481808049429877
567115522050307206763574440770
809028465481379479486490201767
403327546395612968611927577422
666171110883486067515804835702
827674280625081331721659133543
194305039256065080213691196591
993577387162376653262635062150
820450321283035384455273781375
248491455856294904010649404422
387146405009878176346505312219
377317491539539381672366308056
868041407474934070908575190274
201576272997372384942697121901
889798636635563921950676545496
846162983439376737745313889511
697316995272119109463587800443
525097830330147127207949520915
91053812268208032412359076808
885905049489484256088437261913
212559210663654594605544144268
558052161329251349016191669416
708536731237300972763039000076
497828403322140807635445386943
286385898315519792946479228492
471268783846943798693940769174
351575204131638754829285234032
704938415576045839686951304935
944582531679132861954551442606
341061957342336583370562882934
880185203202046881252234352398
873995538048144676058914276114
437721188740700012466688997254
739476488705887736775993340089
115549367538763571633356553978
656969902153451263710330525943
136177231937716477049221335195
92826947443612114290566439244
646868133131981415729329705921
417570269539799415787392671723
640371163576475384690364694587
181760694776320446862244691018
916001218625736668644507689594
348284369019090631741341399037
59927828692036481767126463470
974151931774946865908967047182
893934219924268932557825322225
215990666745785869908110787759
541063805007424520299143125552
119268185510548630057662156000
831890823481660355763791670341
114257343560363566393958110961
923709105561520055905493064553
628851232061862032818882230788
595859190035594519374551459581
936529424431973478687429878313
825636430367411203003260449872
639662090754325711268912587485
993998020136424861690973690417
489373389693933360446326827692
845797660740460727918794997723
114681820298985329314375964609
642942824173263044925203312630
389286543507938317476677799363
913120430123531384928558700139
884954040039301031142363740159
280351540559032784972919249793
98167397957320893768386903325
899717334629625477629154053052
156877964711925943579347137063
395627195285865661102222415204
389227984574071109941064646590
667795021974664981574003537038
36548611939932157849059764873
368057876744344482046840632648
705078222880804842507003407901
194948910685671808129708837755
447273693888847326958191210504
18176461042099643602939054598
63377376099599587074521064539
808572681297467067544192085548
44747043556328015533344315475
752823335436689654735864487582
291232549514652914235404340933
645039766186185513820272328631
391294816271278279318745169262
461188989862549218427577673116
837238438887960003873471659771
849785364619875561427412535292
313194711610544429993336305596
430481628982385509881227130454
218447831051563509917762872672
975380005343426122867077040965
692234557616699617261747996128
468892927939204445603991001034
939912861683320653354389588664
825749822989176424982314062545
837789642429357854451603392769
736255381302858082029105235883
631960147076675034965525367485
769906993299898266869318025284
586005018071352593145140028095
455675398246763330168450115832
11651444302072104777940033522
634223764642226435184467579471
880004204174833170788830665775
982113605494059676330050209949
494222471528995949205232858088
542290759758226457372815036930
832089615782376366986975007835
456941325161766090706245058202
828272647064041022318162755015
289783527206732123521426668596
989839420017424195510772195922
628289906347407292797211708710
317351334550459414061031287074
752723592028187504402913844683
132136245657405652599446871958
566700034723913889143073295210
233395702757727953431311106493
970001767484860661277684011066
775309094687406211943501783899
383023947343614487462580106846
133688865327664685297109435735
599701943567002689164765972408
554310491369555802605568723814
980284777331255121983535645912
982843512728091697571161024355
554385265004134993473978253330
340165644418258954457202727625
596471175634324343724062579785
925947227457054418224810950462
701723682589221709549394195872
565500012212570514393932638899
766622736565617637395507946982
161694935511697960858702862721
39363913802088767399688157339
596742848675440120376322926167
327898177078945013064856352620
735714723028143257468382462944
570677333508762000144634089355
466117577434430986298380455982
738596226448078945038796209023
856215595538121552450411653607
731300427329347409862354172008
569991734894350737710879419098
450826861194565742498850628260
349963487330167198542380066787
16054924566264295067153563831
960175395385667649765903801572
534892762401814316193189161847
785647110053587519073130768946
879060784484992536437130306534
721952752373223946624226756841
289268889343742621369431550692
288773280025619775377584423005
115615803585568149944380186055
810755971904608501615139552811
345807634349791791266339137241
411021693702295926458268689840
828417318700880605349052218995
132396258517661532395685866488
93851297981426070628085100716
937385932850591226954099360539
660913891479888680803743255735
393236256969465180147478244647
694054317427386817449341905895
668178472452318934174350731846
178176156527045363107084154269
416078067030142672323450467228
784417429155376367172577961075
142257337096699915421307095814
682406033425412302871448940996
840349201457492796953806123638
286974147236474156266596410825
65167618604086547549360521976
112630035900746041382541686845
937987882630927020405042153404
471678586192740162525935418956
524492086434042508330324225107
543742882300048369276554319089
417883654767229940065905575399
161447819025557835775191785644
694600247103553745806498545325
365401104142737075053200142250
506696705669354960911864182731
512744784177522419102323718267
560436210509623975314475229520
29496705443080251983531518814
664275179953410084791606073509
240929039857480016244664049854
663834548372250695499557395326
375773200342593086295733565634
775229411260157582996439368611
110546103676532966494050818334
927108188516534153749522316508
123970416242075708430837792106
542702192722562078862242061519
45612507746496599102962048971
24697317971280140296002099150
39431593684892536312284700356
301808336112768248079571787943
596217892008794599266091420122
938282758278918687764669797619
702012407494932659103243154867
124161062100849318601285901127
260592229578309419036536123708
837553090865980545975084458838
709377714928264064663464852938
355907964994132664537454046976
898849193147265581555265227465
817887912352713504091737147970
235372134384609682830126207542
996155354836997279307292727726
608886721022702668784703769513
9214655510070179327000414878
476547352325571658792424707276
413748894686153517169917821654
515169652112514719475781986181
899855226957883938006703018492
841925978781936963056993725108
763965752884192617049745200521
218323096137493590410352777245
857319141300645096052432074451
632466003442496520139524734651
288871420354579115082464792652
230975388070660707353176754122
236431293429334809602625547453
303465616782681479693770982210
793619252406075108094066162564
209423060701012868432665261413
186753137189812254510603312460
684853374224498885336669130670
831614841299492490150600052762
944014932284795243272568676255
772990472760376995097513370111
825096198500818508528170651210
872896681007680660356919760119
161288338454669485558899517577
242401893435028711920618214535
283136414989946308240167688188
241188668527215860952545115246
172219608909483521281998276364
313794396869955062018125972182
566711823632988026566644801029
793238028952872190543847343471
877150052471047341977215603231
186132837666398758323579746245
307676799200569057705557215654
415330918084381811031443028560
220078289281485924720077423714
956019955360152061890726632934
359416744683866668880394774045
34597318567991609001339961150
525854173064490471935103272010
39003626074693420513485470414
948986308501174907260727476698
66244983435644113186829729373
423599744922914269827961200117
717133872329663453488149179324
819375688833926614047707430582
361430741009420246714592630727
172407610597462296474728402640
139730250353683438200141324661
959331892564132811147743418993
888075019161149323373043667882
759790040075605289959926672774
8598325416920544610198145185
585591628180335456411800351959
995345885498368112148301275357
590754333447503661000133810764
321560347843104425587455903000
381292786326634603423111250372
49888162747081580949862499339
962334586098172489834436958663
583758010612376452113938122172
87760867985342718904657127343
50651159508821367720335148108
168369664526757006059206827118
920590437066180153465224496812
313610592225533750702064204795
430139955811065405402691223448
698590483368754529504113395034
953132307535436952458464635414
342920957443229590743235277475
860107747437675507831472838397
828789219618721450929039660637
28944441574290047254426809430
240062884508033735278953079180
359858248241482987514972962248
320239948582997764533840235419
73182556516341374169251081901
805460781415185427195052742932
801055685033018953334721928900
831146628935954577660056521099
35621567384965911444788029593
579428258766280530673036448269
300780423718468057197764477236
359760317818392019403146840293
217900977340702268637262516433
621721844218981439912166214392
429297981506982243171918852207
310099954792102696092097500854
678231979473085219244417125338
440454959904444867486583247017
987169832745928014788148293824
238336217937644291300885646777
77212410547757067658928136513
826199581107451321539340914333
315806091167124068875914542982
477081381429712196964463884055
199806754802852593092798228870
512785268274215123926864858232
300594145874493256708075391743
368303926139701136780510146657
760507076066257302692715667908
630963167310226600032780130152
362672623822971462368936994297
722871909259584624401509866523
35835241270454150064496443238
876838218615689837826409528809
171195568345416651357050420704
246741088680541473629967924347
939044413922922042504765461764
430708875799076827657870381229
652718525531550423962095170378
701046740911624871510762681288
69902477536258537784235463511
631389520213064303623742558809
560551863109951031471073681078
665677214212243004119251928550
983534645757871012040547255136
147782600363375225050910243242
972782941236451217222138200175
311083540586453327653158668229
748001275109787431920918570997
985894142286925714549755943959
396855918414479202144231198843
850663814002583001975579123223
459672948769211113942624194458
558800530571047686876822989271
56747087480690156012165413703
213731272877616100458751068027
86538338455129863292559617144
514317184284627070051804808963
82052343020564536116339228710
111679976635362596441162241804
988200270205732838601136406895
594366701127859571484708454781
6938531527762846199041507381
850194333758094589513588908613
583278620357262080023050969663
138106953802887494486490355189
965164489057611928699475497256
626923242548620320551620208136
293104236304008466044874411551
358445789784982173712339815806
128171581876559484431008796713
366729047692712910904895846428
71063807643542205151420204396
590680566952298567561411866704
948105688253371721084193236122
104063376314409796925921001468
545342969214740252709825560141
278331199968714048039317005354
861252549594712905232993554090
711440502476480637775435118787
463146468905081938034507138225
631491585237614184358118658665
997421953293842730521239674407
780293396294439302216331728817
60747339619258162676196408134
111591928478133915922345789900
964391942344618038351805217315
592938444399496245513150578957
419319331125493551257731017323
407894228122482641298609894926
172960146209145273002036597564
565464038101402059190951710546
561951118193533835206343707548
576304020257103394873538204847
374546083631685072858230713892
138876221946091465962965291078
38425956444456060274758070853
107756618412299767876087240796
428813157766519793813344167187
869708768726918134785773309960
272133481848074471279003137184
23717111649112993377874906386
497909879821180988312987654202
335942516960853124648357910661
114011481127799800082618139128
607567621658929488693501957918
240519100925278192129204316982
814447189792743003841494883627
684838360551835128133192023537
647618172462182948973210063622
925822318788073052723533038376
594491963978000947386747110594
914453009562646332535563289586
594289249428660544076408336613
765729127017875257699200747452
738081526523260542026554677594
750095749796535647634136065778
809305459579715980694561059986
329659107626332533768488482513
192075025503081158830772129984
138313857948987422781919139870
511680547659923338824547291176
451081058097208712247280172745
620047425193269094518129130287
597275982457488740846766866478
313047409308809658596140217325
606826467269603270084952715397
199345517464733394343230049523
342697965212445241748515796666
697618155919658702051563737873
969121404918079435751856783981
753343971247095162690726964563
490917503681778213921219186263
441229943321090067540079554103
743423277374234069277766944019
507802193611253302521849378211
457863307078030359946897245454
709788082109007366738956562125
405298251749065281067879640895
760039592292097394504493608256
895809765888307698867687215849
595802317149498524309415507181
668450460362125716849572435580
279912284862731247590552071989
140134723309609941742217020814
986775843483741694839342408072
222582055298217662660557025970
459970847123825389915454123592
331190381435983211301179128833
612763497827827647980130234858
246043411647618203185494758450
213501844730478492010116316945
608156553564758521615700007110
836643393205281486971631234408
446307450680473438637531863354
276829257556099576888472754020
869149191667930203254574399983
715523263259596679880889213865
553944297072015436927488704176
41879381100597270390151958232
817746365900273287673188962583
977016252641415684690391409028
474272256168352376232304788644
239114327076532621528213647102
287442099235067606503790817506
789150057721606465745728510678
816683696405960308917056987847
913143268567518652943440966649
426969584886401343862745257727
946167171968894582724746933615
210091941054797397403090251341
780352626066329139204813272861
592333825050245639097977082502
509251000031458069781969767397
318526867094008240504440240237
851223484622775298297351470639
750073326423739638189314535240
800105433319008623709142923469
938197476749351258191795586960
369794703260744721222006061629
746333450776974450985619166488
148472228641027103109529548849
424736925289644386055648678499
986167946293784858161624579214
943376269956328495577112541073
932969448546414681811397887474
945526003369225329987858503968
206178589813679927026119339855
64863580501093353513349027027
746515615046578781098757681635
755974762355643850474947289792
54738085546304079560770433270
512451267882804964759904501305
880101790489788016131744730120
725876492591463325403880961076
459208874646996654964365897795
336791028503474072504762258036
861730254920922067747361148618
598752481135162519536461761923
514856296955589226711104324703
140482362545049312298643453591
362061692202486823211303681456
73211937150143693772018796215
859608815189343323427536528358
339850782002740966174040089606
523735411594766876794701986807
435679190050402133195464066921
972737009029876962503668311935
404043380533502846493638589940
715049207450139527735657293106
118202962070869599435587577381
456610233467488509558176891893
116825204602788147269452536708
257794632579906645981570583477
724324914733916800370906470199
679397838054544704480715627409
400937626902291490474358809844
868479297693903991201041622377
321074628023750399595033351391
692743107109613106296248368839
785795252505049906319090948329
662375255523790366920051121250
250160167881597319502103013219
694171289748000892185265910417
174666844942925611281640021939
751969151697715226983616654766
711386486666058933224590110041
633850744966215674499628204281
67801900064847702318508921921
711171153811645167154462222141
945445728455429624173843654605
875499003748497682874552918423
812100527531804820211634342259
13740722307489627764130389696
334924955661099995520089556155
228539640663855617416719750766
858181027353220569211220240439
676918911292518754782211784878
60044219228786714955117627334
320606645448846844140634370514
570750964299268711400756646449
847744111125028398084255774584
927332583504804140581044229471
270836514013457201063313786595
244762066274260499353347742702
494566187680006317304979578762
265141078723049836940364440536
39790837956765130507764071864
469830413903142736962444546765
840187118511991071745363630060
298529189127388970343486979395
724782244272480839877327102238
53738030206536446523528741567
191519033799588219313731998326
773866944465896953437637410240
86709869385483457556448436273
934550754382391349061135684721
363391966665399020566332323381
397111543343067886798013762507
431604915109603146057955446226
87101500298351941998749185318
804781653347851001488817521131
257904363268594504609105100375
48740636046839304372839454195
293128315855082312200722838053
207328595411165971940905130158
266673057684220790807437036582
60561975091698976871548960784
414580504848554382909806380355
125583611319105105079991001606
49556820341247493111602771197
963498726548009673215236923964
708948443371353025300436790049
374196822193781337427938317044
190405390576850751724669104803
647678474267813642429021262910
11632169342033250258763557863
950921764676120834090184025791
130845005487104527623166279259
947250774096695308457598022648
753787685310774293412675360951
230217525363751944454484565999
177757364926034896650040262931
15189418534608177828722779337
141266383205822660169825700902
571090954916862557777280290038
528890365313539532678390433424
531814551032624801912082572978
995264344823446871080017515242
765564730809447638789168971742
356710698505383461854167404812
551133095753896045228400541883
736390037053867684065211642191
737201977674818123598177992095
379600373562621102121934929401
48649740536889730299008744906
239633114527421378154690042705
238582494445444966832526754073
22157154008746600507187792433
89473575434216073807527744284
460550453503070459561629046049
324865822013546739608090721577
595113070717818169179722476721
723466086707042231468473996456
40308369104924691500338640084
674091509671476030634526098528
597628477525990936484195754826
37239046811664262669477485338
239790952880516473210895457051
832821814687907036019116435642
56239816434223953858762016551
871940870158225892262531203780
417126417495862868330660262599
300233345566323384548956245491
589798426024014734595912106935
356574152011869611230580582681
853026899081329507134108021315
743526939400086960900912661895
858606548291631628735331598450
596670226090371007185263667840
810669188720656413016523841873
609418588648884698398398142373
573995439681178238118243383831
879583729832132256417693627001
364804055761508687186078264910
996130224235154038726834619482
666350017388229201398922773568
34816119831285808856431151109
718547085625785159612493751663
900455804604533760864827362874
88867663203292194186398657320
592904381849054817802424127689
583022019915074969524791857975
1224008435552975356967515594
776428844535930471362112224795
556984438030931077691819175110
469672357244156111873675896390
219902093861845938943139084254
325711554120026306608396851201
936790926724992912526456380091
755139642755412049253592022480
198066478251682440478951060278
61026952102924826712925640665
762337206370939205578348413253
164443424810320376591625645708
245922093266592936943189154066
666104865818579522488693219800
130024669911104427712370236508
619708685212258567751534048487
333148990450114158586906916868
463687372652337665179361621809
309862723946249766169564106341
329036377931415866833219472011
509653110497277273993237149626
490241289482696239788481113874
830180202919702717102387447289
921168924083670270051491477365
149373875619787216294767862121
712981812065791889755447665501
240050686742752381573918109065
113387464272075672491597904042
268716581822946239257237352244
30973167640049085228677562434
887150456200838738904757146501
19398480700603104166021548205
45110352876744588120364618516
560437146796563198204587979791
957982113693535846152604309026
644335634505618548531952487563
920330907930812163711154611431
568851809774876912263539492612
87535915578021819463868566460
614471978618756383160622704479
121339065568708518677109540041
895252787258323617836352225405
270058851471081458253441240011
666047774314161823371102795866
148754806057740427684370854090
610440736615449666830449565071
842703015324221682239026942644
181445576534688642345924638604
656375186369170540115235046884
771789666410249275313607556114
346101131741843271165804654669
578092929142763140334365136744
373120468639639028465637521998
306108265936691609947841447569
874036241715126710402131861682
884987481410476598963697910813
299488708334888465493443544451
245699953626125761396772626672
263168389967236338446779972431
292165826998306882256585296654
220810967480295076981120477080
303252244051598468632497391354
300328297431613479247795797362
494450813255320553217510150182
517842979915614562685078919272
513110900243307479531841619094
178010227935818387213397906863
908222364605375584381241655569
795331716393236912340449551348
394361882403969924896449662963
345982048105047561158420395034
817871248552894046035201191185
820320813135999001525163384305
755317354428612752934980951073
753542852737388335122179403729
273109270142138340622948570666
268560925994592525761376389422
157813896695704354770304681624
127604367129343172232935481990
829999050172003207330557381364
930080251747738640395323671720
217503748516395546783676333481
680919821770362139766447609971
203883235104864209468374861701
162001531789715240775256040199
33794494863344819135232777520
759143679493819736037146267141
197369343336910133347117184981
250448449903819960132915992004
767246305547537010283329624668
674951613752467011087168111806
32364231996632656826507550421
75303192061202794876191569372
585464841514707782103647196696
893574436574783037721090722695
27242548329259987350581359133
161568117411084768520672852046
17796542949109665507682664202
485523029875008613027352702540
664868752196844941591821429676
673160724635416652405813132999
1199722227902056077392233430
256106200416369196039351212684
572787307304828859782367539068
921724288758767094609115006790
996874358950968861671821912020
736317352779134203386455590568
615680869163512541216730789603
96694618766043275037659965537
975420371264717429698393236504
247855195013371062190333087366
551993131444410093826672824268
273030798671185131943473752318
641418640263503990697742967237
484331422589406972472960842533
806945841375575563224335783822
930400758005505049892977801449
375033317784067128239622323400
673624120055776732421922736452
568019262666577226423509390347
188741188790890447392336709661
10998932819859578842341124619
762109988883533701968354466202
687671173664965502621863566341
970499279539142304989028434133
567228173440301860288539917996
392108183296295825029743599557
322982044740551377354611352067
896681408810762643946724853695
729151102948288489822612240629
349541823557748514983342784616
694755255663242025782890232752
630996515982288548832029539839
347592475153313775721616066603
55518030093368309511996621356
917115251202926670020929539267
127114763610793553974570813776
834580846965592562816481718514
698689569149921090885151597335
54717324061279146936651534011
943465373906282123765524184502
45843537484049433573851723398
285479768745186505920407453383
286939720124680855923713088330
450358658343265985315585011468
30815427896957037806281089139
452628693921816739399940524998
879129925265875891311011328774
67701587351324859959672159725
974827622843151246611575885907
229081672889054528035165357519
800088403331349789498767928151
574412684835491877412954189709
166815584103602481485294935897
969709221108598025497077496209
867212136889907901144627953705
885690484269892249378064204524
452968425151406176160782713272
223208998803329922533781897916
722223382908619202129803989806
406192068118945652292036832146
524618818642448450134229518758
884436405753462062498166682371
607475937422090505128402818353
959102096209050711950451799614
28805530091457185309180519315
488265844254355442870776015992
162507682861537149007259977481
59463658780193123485678047649
844490473979899404495089991309
131416550836865605910856813953
699234363478603625221235164681
430626317937703449779060284245
643852881140456794508343813713
774630187439454708079089247300
501098389836252547318027627501
199270288531119166066136696250
78855394823684562404560095156
721101480717701718208975364977
852653963246289938278489226608
469153559988913409587988672741
693875231265476711644389287519
242256351067558847927404347890
991731476608551233843414108148
459330488476822782364454484151
539507405919433555740674823722
277413076239490423946409731148
917422196892804524124047559329
844590853499417773123915678958
337024323161144713055513588113
934218248543420468598612594279
754163805472621767557220340150
537887678916748979401999656381
238761403344053008347843303171
441653215601525872490692744841
531037924666707291622921246291
627121471015346214035302894797
654233246718064154209599643293
836694126670660189373013635236
865542198704114264103899246650
812669278565217242072688720964
353356201045305386122136648733
138501441046538069714117017867
771225672376719748207189366468
725657259293788963612885771271
7347504012616067953294715655
255403001742647255235203192542
331672716151756572443464460838
476992686738758712275636727103
873404561838701411148435905626
391278223621672212798574638679
215526639595805013266855746523
467476100604907854787578470502
568498301590525063354852165150
915324160220177063807319330994
114460064957535965168835613205
255920607320807355142649198201
340446806252271170882841494661
243759418940159665993547509956
906359427474793598893447757288
460124074538440727571564051322
156616688670728376886471751726
6482117875320027509335204590
872462057761494321678023898518
529660356035100643742874900724
167248615918484132538076392908
764679757306206393204146012547
121104085092754384425793166371
732026064380510997326154178131
581555729955522578703090681754
140405485919756051938811134798
266281453177444542811491929958
191625188409313104918909061841
974557993755872715729779855526
706899888115062783047440547156
74345810474812637868583201423
707745307425137806271360837850
17135426268680346552647799802
697501885638906414224728483310
412970624154269525207163665001
799769168283151827294276862952
949577952025539574841817809185
766506809343769556916890395486
377163345620721883803018064924
428453055381155872828596765412
656348572628441253812280716302
657623876560467663005914127717
740614351951064824983911397008
537832583364337890491898871766
556036303446570263478957219529
53551098869171352330022962019
476666150205063640139550248270
151594703293451979160921142261
733496013017705882000246626368
145196930548777689228865626396
964114840189246844481401381210
441234541410889676491095685437
943662842174099965011912925565
795112143132330629589905545233
768887490242662656679689950709
295871073886120258417407093266
956420073701375491887537597440
844078070790153953273612872263
69159276092168231004501383581
23240141329538845037686298933
505086570900209786409695424055
993056950093007232553641510338
778994741011517833193342533455
798261835738939239101196871094
457934661909961603009277431291
554399752949000195103151116978
311046159851352350230777653716
126421704439736390249990470149
833912668529570301991425123818
925357117832727090689519244274
308973017852495999870716626645
378588923163453722166808012020
626133629497286529066468285857
613288731836731212896041589651
405559344084307229129667039786
729672380622980502633264935118
77494738562934113873564730818
76142940283858414308689637616
915344904030623519840533649870
497336555425080701838614823806
512029115931873699158422407228
414227633152729373037408209761
190054688405688290711263511802
398444616861740552508815422752
801341379470082844834097480579
840481071762508755301850682462
260506170799344321169930950225
223647217053294549034683939339
451060121136695489608171230301
557315093665483028067768032457
798874661415545097583803176304
616790362567715419497368089284
364002449356106301332936922589
416531792942259966510086893080
842119321686677326326599232480
332699429927497181057575738022
638667264462205288938275380067
367981940768771428462103080613
219095669593732379993573609513
122252123897734707857507051163
20915783536817197439937097726
2477900531099780238188242945
257503031984340887171881705407
996371454956269908090649134999
316118423882070436398301547637
227115579869201422454961680070
966086524159162903080486041592
288149524102568789563490478779
502437535360417757900095887751
697336602924177775868081125340
187745599048032736698482379558
319002712782158481062253904597
919454129837204344823343859023
479656764284329255297839148376
378286421588254344546102114145
219668952295944446600558749899
729175915930409027851677940626
757467555358639642313626203133
419407472815261933160424737096
309283378024380724591838277306
194303473777064439573475198876
645974532110228687170453199796
238579447775576345256808829766
10904493870295269475942426293
694701220767992028759786116831
599559136622516196388539503145
665158161694088688948638113611
57866449484708544996415117361
834225370826195295508841398778
573633294782305573508738432513
945496044995827938200117832203
232977754752180459477135837601
146041094586059422717017604362
393245373491940449098553558458
777760191767819636080250719504
182012477649005199213527678771
158887982596406311045958754630
480909828761527229133891165801
680411173589797006953445218573
380347165693043216586100763642
749417812456620731401795211002
43163517761060905865404014136
542762771583706690589932883034
185329772267437070871349751087
576334309632426016537757848475
829899890610555901030817227354
818737827370583543586869440049
649194792761155604319288659264
571750006167142079841982663571
142990012758236796856056160351
941366124247585609983673136710
535084357298377106072477930332
668101349536038437543673275470
587333357350136122367403577292
667639322563189626499772776730
363163238854103045946473923875
747192679854601270737138668098
835548893269258033173739391204
255079556432955054062187385202
296262372256776943336340005798
95183185185927996532988305209
277993936598958534142667384550
570616622574917016326750784393
347915067506324113015110725572
546678354974730538783616141659
196138125447782716893775744499
929230817573428251015439747319
649951647350769974684270926958
262176555783913671277237095405
387075478111561577119568768384
179645395421446970295340411236
150320333210340149915749375870
877157268401300907938774404997
375080257964450535393583225579
334781806585756900903259131701
203851251332706423970826334548
107326810522630427364203028436
439058286632505510520323081405
853115577254383061111885639821
905220164947630281558252950565
315733350964679875984460050132
527192324783713895184258583424
920710004497366263563359086000
754128829880557988116222971878
454789340404579275132981496775
131268050088803287257750728888
726858802692485457862742958428
234167512145493515190354877999
135113433181141614922902840623
709507401164474831071173188368
982151711801876415188928982110
335128639329785390106041357612
125080747354713753382745861256
518609507229393610539638568310
229080787458623080733643813831
723659987889162979655682083648
595502942783527195372728893683
830803839172986018057775538069
202450606093200818016505228807
122896758733151579206465327558
108494083267701853839640452189
977835077753763503440026427273
175772645663555705866410248044
508500829426868255002271788096
843041669385482017051757690634
929336680166049009083844037546
137098999076623894548935270837
570872512847722135899937716951
530862525011008813902045720848
826036623131175612201276241306
749892315850500444911785256417
169747028064243425093877590391
292003676927805583107539534454
400614450922221051039025341497
330697772491909999919991718058
124557109183090707689779816284
809659110627508079569091128881
964840032902788182829966692521
727923808192220079498055951837
757937572131590605401761066140
575065982783531732029286920637
740916520595189491288607311418
413951597776988203168406551915
906412334572891663456778258992
867489129416422483824545477083
733038396867824874518036901512
624230919714061928418826506807
311483265298395965272979575409
332963871644214179411015293901
21746430629327898668699312070
968765979400157340776468299802
816987184255667189107330405313
318068476958137452813882442959
148009939964827022051014181444
37725073838115665795297301268
348269129522544602720506887058
606117197707165887154203725026
505531410877676955728683030232
98866944221107389950959452326
680796621682331542090114467845
779668421261044184632055018563
569578617590309312384366431770
428324194587599988793882037319
325486014937676023512333200528
980282951074726412910508346240
220684318636453206103396031226
931921832931208749274240395685
136401496922105155696886737825
618431397854034539430775809631
980252235882508964046755148280
485508557843175654181176284139
614544550041430863063909773670
963368557716684250486681483172
391526638401744616475688499083
64694830366226291724624513499
434218369214813500417892133735
729730929913623532748812546110
879242722351712357668451821105
726974905164945781006642684171
753770526378941697554727703818
139764371215831427605348142967
451815883652091152029306860261
264544746279824918092531496205
69899044526273831970470392102
221175891039117325863427334814
786852879123070900155513735470
277009804803725396795487253353
201002444128607481916727238949
971214667311984973357995912122
729693424859502339026321510416
624315360907296115829404814697
569269053892695017588423622824
791321092832897384744746228854
126027505437336819208166154881
928827851209221904747910261719
364828104100424549476043321377
289134037184905871981302866288
890704930748151455663564672309
880968671442277759683278957008
4195705450581691836267671163
749586295968587908537913642551
830320559361109423045344445833
606040261188836225576837637787
333793350876475588950649812680
231022331498548014012554741354
305611859972379263697808642451
518971136274413588096068240846
587430959027073616787125770094
932968146097499444626728345497
284348441395760938312935396823
639190686757530885900734885835
526618089639810204870889688496
471309914043191464314341095037
348947932033035148049747575513
963882399868247973200421669936
690603299403673117891769752343
315096598690640899142029318035
396685803128663251642591169139
986233275400199696185831416832
478678088210910559518648692406
732064135993698883444083531901
676565871160446461592439440098
786594211161564598668123036683
448064999524183904112759467411
114257404376324122979915673705
116281822925630952132509109000
35830647456785157472236812975
426505261210412480307705413478
917413742347028860875229544512
855548696082771463355818685481
532371813878683965407944507182
781853046139903087173019614595
816231715551518288317679186230
141242232799257977119197596461
463475796887841781859173040250
645150009122776842378348449160
376933781372697695086655144106
827970026864435105277841273627
916588163374428454251491889729
4660542683782120100891102805
767779269152470237960432457179
368428776974621903887293787351
798924980393156185353342994138
349593354225710329316794222024
669235491662245033881003920766
734160314335665100267711434816
869186794223431398174677592830
492352666470187911710690549039
353474235778691061792008341103
495374443938980594058232104083
421588379715963616766461019292
796986644827607297810797855027
123650930055772072543249272237
794876597409884467353225276285
505668323227092012828556307144
800828719775353108931780922502
308098152359238269309811745180
345124929541234408814346452495
256798660651654638992053240233
82224793227264212796303503719
876383407501358182818436105552
417216472465026867143281843943
439407908515178463051049915047
287009945777217238552908077891
921398371425466172284806303330
528999577454722577833517922896
96090876223479951442679913424
662464578047941542054260162706
118985997840349022675501655019
961285887793720334702806552401
564716362970449315868467974097
180731634973081392610045867124
993403269417504846762795764322
720153142180595865962346371817
246293841699849576131977448262
123967469986223530039477645338
796920618562367860653103628574
945364192964279930106127823015
492040388328722139755627103185
162050862603290952961613169814
816939329390596671145734986733
440001282097534731124232727774
691582177558086145287526533983
328742598307429110495004616342
943169693236155086645371301268
508220374130633740165663170903
587300093700321099228474321507
674991070515314254811066075031
226805032918375446032964076109
290065884527887905681012878937
725015128029564279303179284972
481532202165122467999703698928
767459492436924972538000606478
641001399369414352957873240852
832688272312788054024047309901
343061598420563200816928012177
654955813135587058215612721181
142184183518090647282785235198
742378890330611196542677953828
638875084567061463831578101218
636737858990585560770429551382
189323097455792864845583392928
534657972242087328452471421218
447916771170130671226086758717
184599130091217039617751790808
923213538148646022263034756410
408938325598861915594448699081
128369067895733177200221905997
975932149162730318807471470908
780849615136244799277454567983
55428645773710421188979705351
794729799424818237763367617520
903526936020005974336959247575
973386375749808433124153409139
468383886178741763124368299813
10347048611252139725126325221
548391996882154316593370933280
112528026146260799140866252554
832937514435144837588336274411
889918280799813106865562830897
538658316061670619207707179447
376726518696866517403203418793
884428275574140868225798390377
290133368769570085998470858070
681527157119884346087893334319
477051495485499718389291130874
944471922106604911374188840137
773923144201538344312928054762
910747054248855370534301084475
10019557613318012616900419206
587613185940748741098074445791
291582184747137198057559307451
590325633649615263200111032650
645774759880199552345206468729
780853690759556279619940018953
984650039067770226957500514164
850074125782722348854108825825
344858963088157577628025985525
933198251647283281791535730821
64443996166378875731763940504
401732018921849056910582313967
21627961939282253375969216786
960756823310145236098597920028
537113406812439322225940594747
906687988327402389970318651724
303293714631063832406352377722
63525361003607626103471472716
97091254690487790389541847120
534053299885227860155738760019
949996252614365090089029662920
741071154191712557793291504471
648390195209628360572526770118
765300864581726157274024635106
368316106412562585254263422183
363582862480936608432762425167
851260478935022179027173505272
615698481413717359166288736517
527240260074014312849023373225
143620741967361378725844465448
976011380997350893050920791212
382121207283922910887363546046
216349332386195578469093091793
829259011085818694683767533808
919307495311811182933581228094
930224269996580173081275216218
962797367096569285828135766326
773904076156727843076355287264
994564853991695640577550531336
423733208949202591773875786163
209503880620254078565054743387
570088377100953207293206596760
806835389722627187937418684527
180943485221964247203802431075
801950296598354211335299881305
810678356028306383735604547795
885382533589355498809210186125
331353915478676296227913825171
162850952976821374952540848196
384622576945326160922875674142
443598578260783396522881651509
172018441652237019531179096161
691789109194947690369792642661
429684252349894759705784426236
317483474733363207565729374105
713087386080689508464422246530
473634404721449212925001122740
993280989248762004867540118827
652241647899595729253097446173
296113067652891215463427966489
191746786587974733052202053564
145990994213187190929939322112
139163494344874754226651675590
746049310879237980609065128042
724261419962965446257459331222
251443366085644485243735889101
565795042890512325059546689988
659526586390706521777743412520
220374933939423379030620281133
354855729941188278834600799114
889770022728676292263911414427
24020731979977777752574903556
890393453229358496323617523019
14307690069477100816890392848
307215661702771508389360080385
173886516884612514493258618820
606255858609582683842944516269
270290415111033784806974745603
162116819124806962385201658731
322096935213173188583929109788
236924786217689443526320760191
543249402710775625751702742191
544143012092712922721358454711
680931034937923457124473791857
51720145441424682834081668901
504423850756359598533112550401
330274702203182490099785463081
605904513796587237239696897284
919660536438716557886104861447
224254161820697749211004328120
623059045530011917989951203865
938824098463268439844013722538
769890938217630517727664746484
525456758323336164814214860584
900669943174178235195146321512
965249900001684272670477448545
957545721183567373125892328806
445846875444208878785991672372
794127522253817427413861382812
307551905228420290235097384080
614375968260924773075249783279
708118314387555496129016948318
816523825307969517910535128269
6386465093362973198844433075
280969925508458791172005181884
421951808875619112868691799943
888987981685114086030172150803
71763752469545740942279123012
780613088239711891796606220168
145900324575383556164017614768
71405747436602366238719756762
426925150109102404436697710658
214438232336876516264556335708
592204351274310848470882963717
939033649073841493462846672958
35632018730029632278951452751
87084243409452435713901196780
210521370766895458524838792364
257142980004563066999761900692
266797001026482821944686214134
982075263010294691753031057103
244285520878310681967967901576
557537311878753400132553715706
167969751380013554257165033293
694756753192584085768992135375
217497509235623398837521602202
926323305811986736733442180300
280528556378567596237690780532
826080491880745848269297263551
141384977730601998052479818318
4360196796710610815886573405
955296520294250935051415062607
294844584604422616778269041187
511079226798299522389327186288
317029770871082495256455510121
679777443609161499598044049607
930761777016932009756830171554
399030442671638032574089901956
451530625945866081870431572734
357391251673861639322734958203
128590631406962264634549129268
594309395974652250414304098853
471754294920658302268574293331
456600435066977263929246370367
81094347687573525849044340134
827746214805271836447802351542
834064505031359893072773569952
851993188827414080152096927220
484152191995303693955197974158
141757698823017134882702644687
140410998407369387048509834635
973048554469930182164618559817
946150283409593974776444876353
672531148775910396889082354116
105957695082634091383707536126
29444588043345468657294075179
917882322199141580546728856707
424285014161929014301161637027
257320907329845596407413086324
986370041292205888663086297836
841628981945179561179902448076
736962092740728827024672074708
204257837435906923539000627770
99228676404402105516507639124
519737169904965433936598687699
997862488477641976315078040293
517152375273547167705765075603
778949427048547820492768498258
400089448870532072713097173636
868330075372815968619089101955
569742991941027217967211337201
396736437744235414228828131693
379934765552361611213193520283
164466757401137463958345590103
172872140205226026623659539188
205778391285301802036559237648
950196974585517058089530060891
409381443572131872223373023250
377700297341175849779942187774
124076390160978792810264892055
987637059964853672278157266205
402631257134336933841355814885
433373927330572153067444054392
929636676842755087545566069230
375387253639882130732578758963
295419533796314422469808145268
153204025037558274438008607065
847399974683698245535874039048
427966973540466551137754129237
264348309548843763237846240018
239819156346318892610629270516
512883853458375236994822017510
778824071608955129709473475937
991590685980041852198784881405
689606909492481731937088751886
542305714161237636032295179048
830142488830626346704382214764
455065279713329645509375003575
953060537850332282137155510805
447570749612931880187226637907
643175113373203911842783240373
168988057344439466241711361582
13972147199650740536336873875
549760097442960206051295154355
263703519823451338647314766862
752439301747576446220386289252
500600893270430934834217339287
137712380215521580862612017939
104810470405242881146197814584
651714856287341425528790910482
63931095819205468242429172024
644302531438854029689617114213
270953975657846192792699343188
182068996117191792003280790135
182500776136458842291881773564
607626611433092360774294499461
800200850629284623810731531321
738502170175683520768049546564
880722572263306896855745160434
547585983103234731967409337111
623626693995893162293172379115
456499783008428676306994883171
757661898755782825008828304757
82717276351539639315023058109
81994741651200419389343097682
177992584157757467083184118938
226465663549334397899262792956
716771663838618514356587040847
