613890663671032592820233898
1199722227902056077392233430
1224008435552975356967515594
2089240768419156370479861500
2477900531099780238188242945
2957857367695660441744487829
3162098553407600845550669082
4195705450581691836267671163
4360196796710610815886573405
4660542683782120100891102805
4841204545584382775829753506
6386465093362973198844433075
6482117875320027509335204590
6938531527762846199041507381
7347504012616067953294715655
8598325416920544610198145185
9174375209655464339360576339
9214655510070179327000414878
9786523312594105224088539807
10019557613318012616900419206
10347048611252139725126325221
10904493870295269475942426293
10998932819859578842341124619
10999372911184344822313762201
11632169342033250258763557863
11651444302072104777940033522
11764689464066739338787675140
12080363075934805989024904772
12315726663485351629332568128
12332214779669024313043902720
13740722307489627764130389696
13972147199650740536336873875
14307690069477100816890392848
15189418534608177828722779337
16054924566264295067153563831
16142876647353643034764799615
17135426268680346552647799802
17210339396231160680200135533
17796542949109665507682664202
18146202071851478359150920407
18176461042099643602939054598
19398480700603104166021548205
20057410236991271553849967593
20341253841152223408229620868
20915783536817197439937097726
21627961939282253375969216786
21746430629327898668699312070
21946224485456084994375252968
22157154008746600507187792433
23240141329538845037686298933
23517691335627379192494903980
23717111649112993377874906386
24020731979977777752574903556
24449709714341825758026099854
24697317971280140296002099150
25788191804056815933695584074
27242548329259987350581359133
28035182410070854820099571262
28805530091457185309180519315
28944441574290047254426809430
29444588043345468657294075179
29496705443080251983531518814
30815427896957037806281089139
30973167640049085228677562434
32364231996632656826507550421
33794494863344819135232777520
34597318567991609001339961150
34816119831285808856431151109
35621567384965911444788029593
35632018730029632278951452751
35830647456785157472236812975
35835241270454150064496443238
36548611939932157849059764873
37239046811664262669477485338
37725073838115665795297301268
38425956444456060274758070853
39003626074693420513485470414
39363913802088767399688157339
39431593684892536312284700356
39790837956765130507764071864
40064659486395359164456616210
40308369104924691500338640084
40966837185230151604941899097
41879381100597270390151958232
43163517761060905865404014136
44296530988561496462936528644
44747043556328015533344315475
44747316833238095438971575859
44808344066594695910256196227
45110352876744588120364618516
45612507746496599102962048971
45843537484049433573851723398
47073025098065168746710666869
48649740536889730299008744906
48740636046839304372839454195
48795150894075080720213698136
49556820341247493111602771197
49888162747081580949862499339
50651159508821367720335148108
51720145441424682834081668901
51944727165509549856733642426
53551098869171352330022962019
53738030206536446523528741567
54717324061279146936651534011
54738085546304079560770433270
55120412472864378512648678611
55428645773710421188979705351
55518030093368309511996621356
56239816434223953858762016551
56747087480690156012165413703
57866449484708544996415117361
59463658780193123485678047649
59927828692036481767126463470
60044219228786714955117627334
60561975091698976871548960784
60582441431599009737447557230
60655608384654255277956087146
60747339619258162676196408134
61026952102924826712925640665
63377376099599587074521064539
63473352646512085549331226292
63525361003607626103471472716
63931095819205468242429172024
64223890747422675146364423118
64443996166378875731763940504
64694830366226291724624513499
64863580501093353513349027027
65167618604086547549360521976
66015761889356876984474165484
66244983435644113186829729373
67701587351324859959672159725
67801900064847702318508921921
68978213090775767263853974055
69159276092168231004501383581
69899044526273831970470392102
69902477536258537784235463511
70958416671978246776683135148
71063807643542205151420204396
71405747436602366238719756762
71763752469545740942279123012
72171547662756438850722472512
73182556516341374169251081901
73211937150143693772018796215
74345810474812637868583201423
75303192061202794876191569372
76142940283858414308689637616
77212410547757067658928136513
77494738562934113873564730818
78786307132005534273443206017
78855394823684562404560095156
79800813414583679297968504409
80603661832276562921745727015
81094347687573525849044340134
81154313822955251369804851554
81359563594041932113324881365
81994741651200419389343097682
82052343020564536116339228710
82224793227264212796303503719
82717276351539639315023058109
86538338455129863292559617144
86709869385483457556448436273
87084243409452435713901196780
87101500298351941998749185318
87535915578021819463868566460
87760867985342718904657127343
88260336979745593084541918894
88867663203292194186398657320
89473575434216073807527744284
90566588489918559388383685802
91053812268208032412359076808
91709828659725760933198713026
92826947443612114290566439244
93851297981426070628085100716
94086653753016746535335574085
95183185185927996532988305209
96090876223479951442679913424
96694618766043275037659965537
96796324481641641217210710624
96964980424625257646232469016
97091254690487790389541847120
98167397957320893768386903325
98866944221107389950959452326
99228676404402105516507639124
100143298353151392665037556016
101239951813350668521014555642
102743633717797818990519790623
102789214478369628279685552189
104061137960854277981366204884
104063376314409796925921001468
104235232744289266095258546479
104810470405242881146197814584
105957695082634091383707536126
106593563055045881150404399231
107246316081338987692891771186
107326810522630427364203028436
107756618412299767876087240796
107977528786508571598185099897
108494083267701853839640452189
110295867720071076569462786958
110382367477047989120033778153
110546103676532966494050818334
110756526681523905549098207071
111591928478133915922345789900
111679976635362596441162241804
112528026146260799140866252554
112630035900746041382541686845
113387464272075672491597904042
114011481127799800082618139128
114257343560363566393958110961
114257404376324122979915673705
114460064957535965168835613205
114681820298985329314375964609
115549367538763571633356553978
115615803585568149944380186055
115763290404494004967250174584
116281822925630952132509109000
116825204602788147269452536708
118202962070869599435587577381
118985997840349022675501655019
119268185510548630057662156000
120484951029465518384206557172
120524108761673906346156533459
120762146741950213583082171579
121051564318261330301225735621
121104085092754384425793166371
121170204857553322128548758202
121339065568708518677109540041
121567264587465606104410484413
122252123897734707857507051163
122879302364785709166354189297
122896758733151579206465327558
123650930055772072543249272237
123967469986223530039477645338
123970416242075708430837792106
124076390160978792810264892055
124161062100849318601285901127
124557109183090707689779816284
125080747354713753382745861256
125583611319105105079991001606
126027505437336819208166154881
126421704439736390249990470149
126597319907708962362004218519
127114763610793553974570813776
127604367129343172232935481990
128171581876559484431008796713
128369067895733177200221905997
128590631406962264634549129268
130024669911104427712370236508
130648669758103399467651648452
130845005487104527623166279259
131268050088803287257750728888
131416550836865605910856813953
132136245657405652599446871958
132396258517661532395685866488
133471229698620855508767796014
133688865327664685297109435735
133974720282142819324303640395
134571462120392782173077386696
135113433181141614922902840623
136177231937716477049221335195
136401496922105155696886737825
137098999076623894548935270837
137712380215521580862612017939
138106953802887494486490355189
138313857948987422781919139870
138501441046538069714117017867
138876221946091465962965291078
139163494344874754226651675590
139694329056226607619542496010
139730250353683438200141324661
139764371215831427605348142967
139962351924945103805933202600
140134723309609941742217020814
140405485919756051938811134798
140410998407369387048509834635
140482362545049312298643453591
141242232799257977119197596461
141266383205822660169825700902
141384977730601998052479818318
141757698823017134882702644687
142184183518090647282785235198
142257337096699915421307095814
142990012758236796856056160351
143620741967361378725844465448
144927755323306071314971563152
145196930548777689228865626396
145708626412880699990114038987
145900324575383556164017614768
145990994213187190929939322112
146041094586059422717017604362
147782600363375225050910243242
148009939964827022051014181444
148472228641027103109529548849
148754806057740427684370854090
149373875619787216294767862121
150238037518014514489806654590
150320333210340149915749375870
151594703293451979160921142261
152713487573993659144238698245
153204025037558274438008607065
156418078306218307154160057987
156616688670728376886471751726
156877964711925943579347137063
157813896695704354770304681624
158887982596406311045958754630
160044919279285260470475011377
161288338454669485558899517577
161447819025557835775191785644
161568117411084768520672852046
161694935511697960858702862721
162001531789715240775256040199
162050862603290952961613169814
162116819124806962385201658731
162507682861537149007259977481
162850952976821374952540848196
164443424810320376591625645708
164466757401137463958345590103
165845767032440636785679055425
166019177087209140648139100055
166815584103602481485294935897
167248615918484132538076392908
167969751380013554257165033293
168369664526757006059206827118
168988057344439466241711361582
169747028064243425093877590391
171195568345416651357050420704
172018441652237019531179096161
172219608909483521281998276364
172407610597462296474728402640
172853646616958006280859277343
172872140205226026623659539188
172960146209145273002036597564
173820284092694914747769846596
173886516884612514493258618820
174666844942925611281640021939
175503361497700209430662213325
175772645663555705866410248044
176725128192413047530821836530
176959810495052216479794905902
177757364926034896650040262931
177792277711971594981863202261
177992584157757467083184118938
178010227935818387213397906863
178176156527045363107084154269
179477508010005019754702555082
179645395421446970295340411236
180731634973081392610045867124
180943485221964247203802431075
181391366494616540703409691911
181445576534688642345924638604
181760694776320446862244691018
182012477649005199213527678771
182068996117191792003280790135
182500776136458842291881773564
183412103494211019570050614792
184208095398467785922485615562
184380488873747743605750127569
184599130091217039617751790808
185329772267437070871349751087
186132837666398758323579746245
186753137189812254510603312460
186823377595642827130874625658
187745599048032736698482379558
188741188790890447392336709661
188842689158962564638888948110
189323097455792864845583392928
190054688405688290711263511802
190405390576850751724669104803
191519033799588219313731998326
191520637869974979003460501899
191625188409313104918909061841
191706372901333519436447951270
191746786587974733052202053564
192075025503081158830772129984
194221536132332450369106940795
194303473777064439573475198876
194305039256065080213691196591
194948910685671808129708837755
194983576900564026413947201720
195778214740245951018185371472
196138125447782716893775744499
196395335560971446419176806515
196656009464020266137024462324
197369343336910133347117184981
198066478251682440478951060278
198375155177482466714406766165
199270288531119166066136696250
199308391902059758312791774804
199345517464733394343230049523
199806754802852593092798228870
200249617758560749334161216472
201002444128607481916727238949
201576272997372384942697121901
202450606093200818016505228807
203199015949895238845291180556
203851251332706423970826334548
203883235104864209468374861701
204257837435906923539000627770
205778391285301802036559237648
205850013916092060418044661451
206084711865113333199160533678
206178589813679927026119339855
207328595411165971940905130158
208105703471632658434885925082
209423060701012868432665261413
209503880620254078565054743387
210091941054797397403090251341
210521370766895458524838792364
211044215919853073488439356783
212559210663654594605544144268
213501844730478492010116316945
213731272877616100458751068027
213745947963070964208827849939
214165392093361076349183800345
214438232336876516264556335708
215526639595805013266855746523
215990666745785869908110787759
216245438418688151499090195271
216349332386195578469093091793
216548402799437571994642040964
216789720996861457719934024747
217051077549078498855111034692
217497509235623398837521602202
217503748516395546783676333481
217900977340702268637262516433
218090865490263956737885010913
218323096137493590410352777245
218447831051563509917762872672
218543790813365995135228838104
219095669593732379993573609513
219668952295944446600558749899
219902093861845938943139084254
220078289281485924720077423714
220374933939423379030620281133
220684318636453206103396031226
220810967480295076981120477080
221175891039117325863427334814
221873984725791064884475258780
222059633147714726578282687126
222582055298217662660557025970
223208998803329922533781897916
223647217053294549034683939339
224254161820697749211004328120
226465663549334397899262792956
226510960792002330062094454117
226805032918375446032964076109
227115579869201422454961680070
227644407978913219035689970255
228298764608986543142396886058
228539640663855617416719750766
229080787458623080733643813831
229081672889054528035165357519
230217525363751944454484565999
230975388070660707353176754122
231022331498548014012554741354
231434354968987938112934592686
232261831263327146427269391467
232850340124230027720465103453
232977754752180459477135837601
233395702757727953431311106493
234167512145493515190354877999
235372134384609682830126207542
235410245165472087228028227804
235717887601402348060112895637
235988771694176473982255020210
236181035262432622156953723979
236431293429334809602625547453
236924786217689443526320760191
237274025137867011350489465237
237599295957317351107378293627
238336217937644291300885646777
238579447775576345256808829766
238582494445444966832526754073
238761403344053008347843303171
239005280681721898222410610474
239114327076532621528213647102
239490617987516960701024717472
239633114527421378154690042705
239790952880516473210895457051
239819156346318892610629270516
240050686742752381573918109065
240062884508033735278953079180
240232414029792373568601483991
240519100925278192129204316982
240929039857480016244664049854
241188668527215860952545115246
242256351067558847927404347890
242401893435028711920618214535
242933434841001308001183686755
243759418940159665993547509956
244285520878310681967967901576
244762066274260499353347742702
244975386699398705467002028885
245057553487194523934035967631
245699953626125761396772626672
245922093266592936943189154066
246043411647618203185494758450
246293841699849576131977448262
246403489730552412434340443441
246497297744616767484779198241
246741088680541473629967924347
247855195013371062190333087366
248491455856294904010649404422
250105774885510026608415856572
250160167881597319502103013219
250448449903819960132915992004
251443366085644485243735889101
252844942814664772186814365504
253471849586365161519741868028
253787756089477755594358101732
255079556432955054062187385202
255403001742647255235203192542
255920607320807355142649198201
256105944908197074559337092675
256106200416369196039351212684
256687699441788147596598611457
256798660651654638992053240233
257142980004563066999761900692
257320907329845596407413086324
257503031984340887171881705407
257794632579906645981570583477
257904363268594504609105100375
259955769807838014142225999890
260203459711039857817074857194
260494477447714130898875271060
260506170799344321169930950225
260592229578309419036536123708
261896702908048307369390429428
262176555783913671277237095405
263168389967236338446779972431
263550338476010450817536196718
263703519823451338647314766862
264348309548843763237846240018
264544746279824918092531496205
265141078723049836940364440536
266281453177444542811491929958
266673057684220790807437036582
266797001026482821944686214134
268560925994592525761376389422
268716581822946239257237352244
268820042352250320528493747371
270058851471081458253441240011
270290415111033784806974745603
270836514013457201063313786595
270953975657846192792699343188
272133481848074471279003137184
272361701265039591056143507093
273030798671185131943473752318
273109270142138340622948570666
274458302706043767971377016519
275466176012516943003205802051
276829257556099576888472754020
277009804803725396795487253353
277413076239490423946409731148
277665209778752488439931661427
277993936598958534142667384550
278331199968714048039317005354
279912284862731247590552071989
279954241680236970671766770757
280351540559032784972919249793
280528556378567596237690780532
280969925508458791172005181884
281073087133435990080443167429
281602672229769481808049429877
283136414989946308240167688188
283568825461205157753064664920
283630338203568963535898240108
284348441395760938312935396823
285479768745186505920407453383
286385898315519792946479228492
286939720124680855923713088330
286974147236474156266596410825
287009945777217238552908077891
287263708548234519507007577632
287442099235067606503790817506
288149524102568789563490478779
288773280025619775377584423005
288871420354579115082464792652
289134037184905871981302866288
289268889343742621369431550692
289332507381523197834466071798
289783527206732123521426668596
290065884527887905681012878937
290133368769570085998470858070
291151632147337121888627536466
291232549514652914235404340933
291582184747137198057559307451
291983070067966148999320275986
292003676927805583107539534454
292165826998306882256585296654
293104236304008466044874411551
293128315855082312200722838053
294060944351495380584971467040
294108863670748031975503918718
294844584604422616778269041187
295419533796314422469808145268
295871073886120258417407093266
296113067652891215463427966489
296262372256776943336340005798
296900294928415149008655773255
297648914664594416365486077595
298529189127388970343486979395
299488708334888465493443544451
300233345566323384548956245491
300328297431613479247795797362
300594145874493256708075391743
300780423718468057197764477236
301808336112768248079571787943
303252244051598468632497391354
303293714631063832406352377722
303465616782681479693770982210
304272621235497275388600564134
304710364943820205408050618049
305611859972379263697808642451
306108265936691609947841447569
307215661702771508389360080385
307551905228420290235097384080
307645573355750844402755224840
307676799200569057705557215654
308098152359238269309811745180
308973017852495999870716626645
309132433452488071276762404204
309283378024380724591838277306
309862723946249766169564106341
310099954792102696092097500854
311046159851352350230777653716
311083540586453327653158668229
311483265298395965272979575409
313047409308809658596140217325
313194711610544429993336305596
313610592225533750702064204795
313794396869955062018125972182
314204390664113558634625561560
314501592703222194403801409549
315096598690640899142029318035
315733350964679875984460050132
315806091167124068875914542982
316118423882070436398301547637
316635688532379999410621015680
317029770871082495256455510121
317351334550459414061031287074
317483474733363207565729374105
318068476958137452813882442959
318526867094008240504440240237
319002712782158481062253904597
320239948582997764533840235419
320381254924340808880486894032
320606645448846844140634370514
321074628023750399595033351391
321560347843104425587455903000
321560678953349190319453024782
322096935213173188583929109788
322982044740551377354611352067
324853576461718606933806515484
324865822013546739608090721577
325486014937676023512333200528
325711554120026306608396851201
326135030570405947475644216133
326984796465963989246525247305
327485476895713624574947883974
327898177078945013064856352620
328742598307429110495004616342
328820267163865514704462075032
329001585362773589985352748109
329036377931415866833219472011
329659107626332533768488482513
330272442169617359670439662520
330274702203182490099785463081
330697772491909999919991718058
331190381435983211301179128833
331353915478676296227913825171
331672716151756572443464460838
332699429927497181057575738022
332963871644214179411015293901
333148990450114158586906916868
333793350876475588950649812680
334781806585756900903259131701
334924955661099995520089556155
335128639329785390106041357612
335596989846582592705853117788
335942516960853124648357910661
336791028503474072504762258036
336887804581452297591568238676
337024323161144713055513588113
337253865147097435686844720523
337706251612727094153074412313
338264931357216635162569113627
338973887237989790897994049574
339175246869979996785661349303
339850782002740966174040089606
340165644418258954457202727625
340446806252271170882841494661
341061957342336583370562882934
342697965212445241748515796666
342920957443229590743235277475
343061598420563200816928012177
343086829755611999318163543526
344858963088157577628025985525
344995640722037323454007650601
345124929541234408814346452495
345807634349791791266339137241
345982048105047561158420395034
346101131741843271165804654669
346176824621062995943200026826
346950602503284461102795365671
347592475153313775721616066603
347915067506324113015110725572
348221864749605717794866024836
348269129522544602720506887058
348284369019090631741341399037
348947932033035148049747575513
349541823557748514983342784616
349593354225710329316794222024
349963487330167198542380066787
351575204131638754829285234032
352639769007521167422302334947
353204300980458294852981873957
353356201045305386122136648733
353474235778691061792008341103
354855729941188278834600799114
355907964994132664537454046976
356574152011869611230580582681
356710698505383461854167404812
357391251673861639322734958203
358445789784982173712339815806
358632152371865664375188656398
358853916032961301852368912378
359416744683866668880394774045
359760317818392019403146840293
359858248241482987514972962248
361430741009420246714592630727
361608994761450249587537440886
362061692202486823211303681456
362672623822971462368936994297
362709117206482786192048983149
363163238854103045946473923875
363391966665399020566332323381
363582862480936608432762425167
364002449356106301332936922589
364804055761508687186078264910
364828104100424549476043321377
364907753614130358144151745456
365401104142737075053200142250
366309002982050403218701874877
366472995606067043717945361575
366729047692712910904895846428
367981940768771428462103080613
368057876744344482046840632648
368303926139701136780510146657
368316106412562585254263422183
368428776974621903887293787351
369794703260744721222006061629
370542543915383131732123947769
372708444038698202416285854273
373120468639639028465637521998
373822340190898155945897266383
374196822193781337427938317044
374546083631685072858230713892
375033317784067128239622323400
375080257964450535393583225579
375322042469368361583316841505
375387253639882130732578758963
375773200342593086295733565634
376087818254284745664021554494
376703641577234546690277712178
376726518696866517403203418793
376933781372697695086655144106
377163345620721883803018064924
377317491539539381672366308056
377700297341175849779942187774
377738414620912221953984197553
378286421588254344546102114145
378588923163453722166808012020
379600373562621102121934929401
379934765552361611213193520283
380119850417443033646886049099
380347165693043216586100763642
380389183704035387782343734699
381292786326634603423111250372
382121207283922910887363546046
382981552860721513671033932603
383023947343614487462580106846
384622576945326160922875674142
385261268846259867788734920398
386762494524114195185956506934
387056511244466840455358826068
387060432456271167723639113664
387075478111561577119568768384
387146405009878176346505312219
387166190181960171404218563546
389227984574071109941064646590
389286543507938317476677799363
390159546971750317964491455529
391278223621672212798574638679
391294816271278279318745169262
391526638401744616475688499083
392108183296295825029743599557
392519658401474784369869324133
393236256969465180147478244647
393245373491940449098553558458
394361882403969924896449662963
395627195285865661102222415204
396002088468417137774514257151
396685803128663251642591169139
396736437744235414228828131693
396855918414479202144231198843
397111543343067886798013762507
397793613748684025488691426389
398444616861740552508815422752
398586774617723698069619254356
399030442671638032574089901956
399135256901819520427226002641
400089448870532072713097173636
400614450922221051039025341497
400937626902291490474358809844
401732018921849056910582313967
402631257134336933841355814885
403327546395612968611927577422
404043380533502846493638589940
405298251749065281067879640895
405559344084307229129667039786
406192068118945652292036832146
407894228122482641298609894926
408938325598861915594448699081
409381443572131872223373023250
409712601497474462713138237358
410264735528181855596844844830
411021693702295926458268689840
412970624154269525207163665001
413748894686153517169917821654
413951597776988203168406551915
414227633152729373037408209761
414360198400186328827174964961
414510351726758178961758653642
414580504848554382909806380355
414868949743039780786663511239
415330918084381811031443028560
415575175580697719154004687650
416078067030142672323450467228
416531792942259966510086893080
417126417495862868330660262599
417216472465026867143281843943
417570269539799415787392671723
417883654767229940065905575399
419319331125493551257731017323
419407472815261933160424737096
421588379715963616766461019292
421951808875619112868691799943
423599744922914269827961200117
423733208949202591773875786163
424285014161929014301161637027
424541542158680476282955075154
424736925289644386055648678499
426399624838815716103007809866
426505261210412480307705413478
426925150109102404436697710658
426969584886401343862745257727
427966973540466551137754129237
428324194587599988793882037319
428453055381155872828596765412
428813157766519793813344167187
429297981506982243171918852207
429684252349894759705784426236
430139955811065405402691223448
430481628982385509881227130454
430626317937703449779060284245
430708875799076827657870381229
431604915109603146057955446226
433373927330572153067444054392
433766547807287965535198614935
434218369214813500417892133735
435679190050402133195464066921
435923277253885720554125962844
436984243582729296950775009829
437721188740700012466688997254
439058286632505510520323081405
439240012648277302650733810478
439407908515178463051049915047
440001282097534731124232727774
440146923552520398265135152616
440454959904444867486583247017
441229943321090067540079554103
441234541410889676491095685437
441653215601525872490692744841
443598578260783396522881651509
445341698646351061718694105826
445846875444208878785991672372
446307450680473438637531863354
447175826038473718372603252200
447273693888847326958191210504
447570749612931880187226637907
447916771170130671226086758717
448064999524183904112759467411
450358658343265985315585011468
450826861194565742498850628260
451060121136695489608171230301
451081058097208712247280172745
451530625945866081870431572734
451815883652091152029306860261
452243568325745709080358064858
452628693921816739399940524998
452968425151406176160782713272
453082100833059200066480512800
453186415183147772998379434843
453743346191728624040231569377
454405459652119794918614635663
454789340404579275132981496775
455065279713329645509375003575
455675398246763330168450115832
456499783008428676306994883171
456600435066977263929246370367
456610233467488509558176891893
456941325161766090706245058202
457863307078030359946897245454
457934661909961603009277431291
459208874646996654964365897795
459330488476822782364454484151
459672948769211113942624194458
459970847123825389915454123592
460124074538440727571564051322
460186045623048625876498707778
460263872189462343363852149822
460550453503070459561629046049
461188989862549218427577673116
461818735852616405086441022944
462917726142100460588107085619
463146468905081938034507138225
463475796887841781859173040250
463687372652337665179361621809
466117577434430986298380455982
467476100604907854787578470502
468383886178741763124368299813
468892927939204445603991001034
469153559988913409587988672741
469471924181350744882461040623
469499485970640198158630821583
469573120498964229457093962068
469672357244156111873675896390
469830413903142736962444546765
471268783846943798693940769174
471309914043191464314341095037
471678586192740162525935418956
471754294920658302268574293331
473634404721449212925001122740
474272256168352376232304788644
475680590604932325164289923369
476547352325571658792424707276
476666150205063640139550248270
476701196499744452056026272621
476992686738758712275636727103
477051495485499718389291130874
477081381429712196964463884055
477948048960622657079467051839
478269068492537621873699287354
478532925195778289460896633406
478678088210910559518648692406
479656764284329255297839148376
480498512645714388285463605640
480909828761527229133891165801
481529789105238932335741420793
481532202165122467999703698928
482230248255013758076326504833
483021560459754769994625113153
484152191995303693955197974158
484331422589406972472960842533
485460522411133284957823646183
485508557843175654181176284139
485523029875008613027352702540
488265844254355442870776015992
489373389693933360446326827692
490241289482696239788481113874
490917503681778213921219186263
491020355821247290707271599779
492040388328722139755627103185
492352666470187911710690549039
493380293093601555759999304192
493553451776899249829353902154
494222471528995949205232858088
494450813255320553217510150182
494566187680006317304979578762
494592160914738298964711736494
495374443938980594058232104083
497336555425080701838614823806
497377137389421531508404831397
497828403322140807635445386943
497909879821180988312987654202
498660489817521355534524506820
500600893270430934834217339287
501098389836252547318027627501
502437535360417757900095887751
503782946800390023621681335487
503904164916646750588249120722
504394989045067368988117389231
504423850756359598533112550401
504857770639896833656289906968
505086570900209786409695424055
505531410877676955728683030232
505668323227092012828556307144
506258038427743120889648703475
506696705669354960911864182731
507802193611253302521849378211
508220374130633740165663170903
508500829426868255002271788096
508794175970920968029372456330
509251000031458069781969767397
509653110497277273993237149626
511079226798299522389327186288
511680547659923338824547291176
512029115931873699158422407228
512451267882804964759904501305
512744784177522419102323718267
512785268274215123926864858232
512883853458375236994822017510
513053890038128471023657247682
513110900243307479531841619094
513409314731472020485442258275
514317184284627070051804808963
514856296955589226711104324703
514942693561972133191947189074
515169652112514719475781986181
515893466301398743898178116120
517147968251054943180046304336
517152375273547167705765075603
517168528549888481333124759805
517842979915614562685078919272
518164709797268791952594156646
518597532154291457492975293034
518609507229393610539638568310
518846194480297790445183780787
518971136274413588096068240846
519737169904965433936598687699
520991630691774760336966714077
523199857891905460207728316728
523735411594766876794701986807
524473513915072081280667775942
524492086434042508330324225107
524618818642448450134229518758
525097830330147127207949520915
525456758323336164814214860584
525854173064490471935103272010
526618089639810204870889688496
526922321512557838379983329122
527192324783713895184258583424
527240260074014312849023373225
528890365313539532678390433424
528999577454722577833517922896
529660356035100643742874900724
530862525011008813902045720848
531037924666707291622921246291
531814551032624801912082572978
532371813878683965407944507182
532587864666171281439525474975
534053299885227860155738760019
534657972242087328452471421218
534892762401814316193189161847
535084357298377106072477930332
537113406812439322225940594747
537832583364337890491898871766
537887678916748979401999656381
538005563687255365785718401222
538658316061670619207707179447
539507405919433555740674823722
540347848255579897583251981166
541028681101592551276033133179
541063805007424520299143125552
541470755998370191913335510970
542290759758226457372815036930
542305714161237636032295179048
542702192722562078862242061519
542762771583706690589932883034
543179970595196151712797694444
543249402710775625751702742191
543742882300048369276554319089
544143012092712922721358454711
544392129528311317649414431607
545342969214740252709825560141
545574451624706648085098271429
546419792402919018153620072091
546678354974730538783616141659
547585983103234731967409337111
548391996882154316593370933280
549679865854642506940590171675
549760097442960206051295154355
549878297029224297099975937742
549922758852449248739831675298
550360889313636523042244686027
551133095753896045228400541883
551993131444410093826672824268
552767209997376650670562033466
553944297072015436927488704176
554310491369555802605568723814
554385265004134993473978253330
554399752949000195103151116978
556036303446570263478957219529
556420272441399134186492253185
556984438030931077691819175110
557315093665483028067768032457
557537311878753400132553715706
558052161329251349016191669416
558394861045149008127413682566
558800530571047686876822989271
559593176822687491756496723911
560436210509623975314475229520
560437146796563198204587979791
560551863109951031471073681078
561694461783251026944043195269
561951118193533835206343707548
564716362970449315868467974097
565410860070356805536191446305
565464038101402059190951710546
565500012212570514393932638899
565795042890512325059546689988
566700034723913889143073295210
566711823632988026566644801029
567115522050307206763574440770
567228173440301860288539917996
568019262666577226423509390347
568498301590525063354852165150
568851809774876912263539492612
569269053892695017588423622824
569578617590309312384366431770
569742991941027217967211337201
569991734894350737710879419098
570088377100953207293206596760
570539418886153797890393403787
570611526253842617398700120161
570616622574917016326750784393
570677333508762000144634089355
570750964299268711400756646449
570872512847722135899937716951
571090954916862557777280290038
571750006167142079841982663571
572787307304828859782367539068
573633294782305573508738432513
573995439681178238118243383831
574412684835491877412954189709
575065982783531732029286920637
575451477990068205694200074601
576304020257103394873538204847
576334309632426016537757848475
578092929142763140334365136744
579093768356443722194326592134
579428258766280530673036448269
581555729955522578703090681754
583022019915074969524791857975
583185882299088411176107621498
583278620357262080023050969663
583534895054990215490088903521
583758010612376452113938122172
584433429584523335951918724756
585027676282581012562948741320
585464841514707782103647196696
585591628180335456411800351959
586005018071352593145140028095
586548589121627749740766457494
587004220941671417321116064442
587300093700321099228474321507
587333357350136122367403577292
587430959027073616787125770094
587458206788303890756648152469
587613185940748741098074445791
587914173663577307599277063751
587971097030053210501278414514
589798426024014734595912106935
589925418945535184150232480916
590325633649615263200111032650
590680566952298567561411866704
590754333447503661000133810764
592204351274310848470882963717
592333825050245639097977082502
592904381849054817802424127689
592938444399496245513150578957
593079241140572019875748850203
594289249428660544076408336613
594309395974652250414304098853
594366701127859571484708454781
594491963978000947386747110594
595113070717818169179722476721
595418557822759998643490880019
595502942783527195372728893683
595802317149498524309415507181
595859190035594519374551459581
596217892008794599266091420122
596471175634324343724062579785
596670226090371007185263667840
596742848675440120376322926167
597275982457488740846766866478
597628477525990936484195754826
597976217595359412853866158707
598752481135162519536461761923
599559136622516196388539503145
599683379894601733141737426627
599701943567002689164765972408
600137585658220769994483725158
600630824267491014846760720635
605125520771635116073849984790
605904513796587237239696897284
606040261188836225576837637787
606117197707165887154203725026
606255858609582683842944516269
606260526789687293104835669696
606434119443672124550996934859
606826467269603270084952715397
607475937422090505128402818353
607567621658929488693501957918
607626611433092360774294499461
608156553564758521615700007110
608322754292821019259242630893
608723922360321025818792500645
608743102086093992372538948788
608886721022702668784703769513
609110423821353698261414583055
609418588648884698398398142373
610440736615449666830449565071
612763497827827647980130234858
613288731836731212896041589651
614375968260924773075249783279
614471978618756383160622704479
614544550041430863063909773670
615166753115074370476312340835
615463743777149713236612091940
615680869163512541216730789603
615698481413717359166288736517
616790362567715419497368089284
618431397854034539430775809631
619708685212258567751534048487
620047425193269094518129130287
621721844218981439912166214392
622370863930910705636254227582
623059045530011917989951203865
623626693995893162293172379115
624230919714061928418826506807
624315360907296115829404814697
626133629497286529066468285857
626923242548620320551620208136
627121471015346214035302894797
628289906347407292797211708710
628851232061862032818882230788
630963167310226600032780130152
630996515982288548832029539839
631389520213064303623742558809
631491585237614184358118658665
631960147076675034965525367485
632068918392073888567470340939
632106877113584957195212975601
632466003442496520139524734651
633850744966215674499628204281
634223764642226435184467579471
636187502598915432936321509763
636737858990585560770429551382
638667264462205288938275380067
638875084567061463831578101218
639190686757530885900734885835
639651531542501238371912010103
639662090754325711268912587485
640371163576475384690364694587
640632111443280600343171398139
640880832973063138550223432133
641001399369414352957873240852
641418640263503990697742967237
642942824173263044925203312630
643175113373203911842783240373
643180092291602241658263353728
643398228702701345387511303267
643852881140456794508343813713
644302531438854029689617114213
644335634505618548531952487563
645039766186185513820272328631
645150009122776842378348449160
645774759880199552345206468729
645974532110228687170453199796
646868133131981415729329705921
647618172462182948973210063622
647678474267813642429021262910
648143196171579223442473542991
648390195209628360572526770118
648570833712008411368249653548
649194792761155604319288659264
649951647350769974684270926958
651714856287341425528790910482
652241647899595729253097446173
652718525531550423962095170378
653300722538030383984515994340
654076563086264516137310308933
654127584329752618153264582464
654233246718064154209599643293
654797546863854996683692865440
654955813135587058215612721181
656348572628441253812280716302
656375186369170540115235046884
656381718662740125888740224638
656969902153451263710330525943
657623876560467663005914127717
659526586390706521777743412520
660401787064934020320120146708
660589772249463106499472657050
660913891479888680803743255735
661679960283994933182497658439
662324901372507280587275491561
662375255523790366920051121250
662464578047941542054260162706
663834548372250695499557395326
664275179953410084791606073509
664868752196844941591821429676
665158161694088688948638113611
665464699234050859429779024041
665677214212243004119251928550
666047774314161823371102795866
666104865818579522488693219800
666171110883486067515804835702
666350017388229201398922773568
666526889929085170639898849212
667639322563189626499772776730
667795021974664981574003537038
668101349536038437543673275470
668178472452318934174350731846
668450460362125716849572435580
669235491662245033881003920766
672531148775910396889082354116
672788831225705397759851347751
673160724635416652405813132999
673624120055776732421922736452
673674760964437932328981634580
674091509671476030634526098528
674951613752467011087168111806
674991070515314254811066075031
676565871160446461592439440098
676918911292518754782211784878
678137169403964122410728015820
678231979473085219244417125338
679397838054544704480715627409
679777443609161499598044049607
680316041835882736077165922482
680411173589797006953445218573
680796621682331542090114467845
680919821770362139766447609971
680931034937923457124473791857
681248099532481845674920367986
681527157119884346087893334319
682406033425412302871448940996
682416064828583718291819419899
684175144872841775811480286684
684838360551835128133192023537
684853374224498885336669130670
684947573764275268415462795119
685460239246691158577521921736
687656558036039712814959742005
687671173664965502621863566341
687778167349776662403926242820
689606909492481731937088751886
690080966914769866836354590215
690503398732366595264538765103
690603299403673117891769752343
691582177558086145287526533983
691656732567054396413875598662
691789109194947690369792642661
692209860597106408250981724605
692234557616699617261747996128
692743107109613106296248368839
692754503014069604503168499494
693089018003416890726565170479
693875231265476711644389287519
693957637805520255000473967085
694054317427386817449341905895
694171289748000892185265910417
694600247103553745806498545325
694701220767992028759786116831
694755255663242025782890232752
694756753192584085768992135375
695967951457436972893910534563
696394486897796402946796401319
697316995272119109463587800443
697336602924177775868081125340
697501885638906414224728483310
697618155919658702051563737873
698590483368754529504113395034
698689569149921090885151597335
699234363478603625221235164681
701046740911624871510762681288
701723682589221709549394195872
702012407494932659103243154867
704010721319093139533159940336
704938415576045839686951304935
705078222880804842507003407901
705827168219519889785761480851
706362233719542261895924198542
706899888115062783047440547156
707007260153157457097110809370
707236662486484963222760102752
707355504522350248767140668401
707745307425137806271360837850
707967866664596618158522424430
708118314387555496129016948318
708250915485054467456170928531
708536731237300972763039000076
708948443371353025300436790049
709377714928264064663464852938
709507401164474831071173188368
709788082109007366738956562125
711171153811645167154462222141
711386486666058933224590110041
711440502476480637775435118787
712028954120044100455156386389
712981812065791889755447665501
713073821365457112646427389107
713087386080689508464422246530
715049207450139527735657293106
715523263259596679880889213865
716456089062656485935631618537
716771663838618514356587040847
717133872329663453488149179324
717583392885381333417557237127
718547085625785159612493751663
720153142180595865962346371817
721101480717701718208975364977
721329591698859022932107991680
721952752373223946624226756841
722223382908619202129803989806
722871909259584624401509866523
723466086707042231468473996456
723659987889162979655682083648
724075170708747159962261022519
724261419962965446257459331222
724324914733916800370906470199
724782244272480839877327102238
725015128029564279303179284972
725366630639257219602759305227
725657259293788963612885771271
725876492591463325403880961076
726858802692485457862742958428
726974905164945781006642684171
727923808192220079498055951837
729151102948288489822612240629
729175915930409027851677940626
729255909752138472634502615340
729672380622980502633264935118
729693424859502339026321510416
729730929913623532748812546110
730087041015098679358464345162
731300427329347409862354172008
732026064380510997326154178131
732064135993698883444083531901
733038396867824874518036901512
733496013017705882000246626368
734160314335665100267711434816
735714723028143257468382462944
736084165964867185496826011350
736255381302858082029105235883
736317352779134203386455590568
736390037053867684065211642191
736962092740728827024672074708
737201977674818123598177992095
738081526523260542026554677594
738502170175683520768049546564
738596226448078945038796209023
739476488705887736775993340089
740614351951064824983911397008
740787119161120658183918330679
740916520595189491288607311418
741071154191712557793291504471
741127874148953736895612568281
741558747242231514728467278890
742378890330611196542677953828
743164828288969065284485976557
743423277374234069277766944019
743526939400086960900912661895
743638819627849130848008447122
744735096531008007025523595507
746049310879237980609065128042
746333450776974450985619166488
746515615046578781098757681635
747192679854601270737138668098
747862415245460599077855763560
748001275109787431920918570997
748087594966442997548161025228
748105528404749374358605517878
749417812456620731401795211002
749586295968587908537913642551
749892315850500444911785256417
750073326423739638189314535240
750095749796535647634136065778
750661600092772364087057471525
751969151697715226983616654766
752439301747576446220386289252
752723592028187504402913844683
752823335436689654735864487582
753343971247095162690726964563
753542852737388335122179403729
753770526378941697554727703818
753787685310774293412675360951
754128829880557988116222971878
754163805472621767557220340150
755139642755412049253592022480
755317354428612752934980951073
755974762355643850474947289792
756830546410009549486670182941
757467555358639642313626203133
757661898755782825008828304757
757937572131590605401761066140
758457359579587372834773340501
759143679493819736037146267141
759790040075605289959926672774
760039592292097394504493608256
760507076066257302692715667908
761856822821358971201128647760
762109988883533701968354466202
762337206370939205578348413253
762524870769540989770655587532
763965752884192617049745200521
764679757306206393204146012547
765300864581726157274024635106
765564730809447638789168971742
765729127017875257699200747452
766506809343769556916890395486
766622736565617637395507946982
766971867156126543797572210317
767246305547537010283329624668
767459492436924972538000606478
767779269152470237960432457179
768887490242662656679689950709
769890938217630517727664746484
769906993299898266869318025284
771225672376719748207189366468
771789666410249275313607556114
771813339439617891978553239736
772990472760376995097513370111
773140440643055080970356705876
773866944465896953437637410240
773904076156727843076355287264
773923144201538344312928054762
774630187439454708079089247300
775229411260157582996439368611
775309094687406211943501783899
775615009620967599124528712083
775856622472567311534246217391
776428844535930471362112224795
777760191767819636080250719504
778824071608955129709473475937
778949427048547820492768498258
778994741011517833193342533455
779047020995344410890863155438
779668421261044184632055018563
780293396294439302216331728817
780352626066329139204813272861
780613088239711891796606220168
780849615136244799277454567983
780853690759556279619940018953
781601597276479803723893032550
781853046139903087173019614595
783867702380493639281135579462
784417429155376367172577961075
785647110053587519073130768946
785795252505049906319090948329
786594211161564598668123036683
786852879123070900155513735470
788925354090360630524499083342
789150057721606465745728510678
789929899205565955962478832223
791321092832897384744746228854
792262641397247098024326517971
793238028952872190543847343471
793619252406075108094066162564
794127522253817427413861382812
794608736620975957362463852131
794729799424818237763367617520
794876597409884467353225276285
795112143132330629589905545233
795331716393236912340449551348
796920618562367860653103628574
796986644827607297810797855027
797592681548662261432504097556
797786514746528469449183420868
798261835738939239101196871094
798874661415545097583803176304
798924980393156185353342994138
799181156032513721774644096127
799296372538856254280862952043
799399009685826962653865575241
799673080927204517095273960327
799769168283151827294276862952
800088403331349789498767928151
800105433319008623709142923469
800200850629284623810731531321
800257639452972600510511802378
800301306234590249864896806577
800828719775353108931780922502
800964198912481750943376993882
801055685033018953334721928900
801341379470082844834097480579
801950296598354211335299881305
803150381012179992115879395260
804781653347851001488817521131
805252559346018995032675533666
805460781415185427195052742932
806619405633018406755018050629
806835389722627187937418684527
806945841375575563224335783822
808572681297467067544192085548
809028465481379479486490201767
809266202223081195902977286608
809305459579715980694561059986
809327957169833985838259573369
809659110627508079569091128881
810669188720656413016523841873
810678356028306383735604547795
810755971904608501615139552811
812100527531804820211634342259
812669278565217242072688720964
812820486797436424763939914251
813077409479863889922363544945
813078784126660668109286851021
814447189792743003841494883627
814675865348456481083269730851
816231715551518288317679186230
816523825307969517910535128269
816683696405960308917056987847
816915212767550762952753041555
816939329390596671145734986733
816987184255667189107330405313
817746365900273287673188962583
817871248552894046035201191185
817887912352713504091737147970
818737827370583543586869440049
819375688833926614047707430582
820320813135999001525163384305
820450321283035384455273781375
821686739284050523548382723697
821767959122153783931604458531
825096198500818508528170651210
825636430367411203003260449872
825749822989176424982314062545
826036623131175612201276241306
826080491880745848269297263551
826199581107451321539340914333
827641851009177156004497457226
827674280625081331721659133543
827746214805271836447802351542
827970026864435105277841273627
828272647064041022318162755015
828417318700880605349052218995
828789219618721450929039660637
828834102216425095618772788714
829259011085818694683767533808
829899890610555901030817227354
829999050172003207330557381364
830142488830626346704382214764
830180202919702717102387447289
830273705210728605811838714847
830320559361109423045344445833
830803839172986018057775538069
831146628935954577660056521099
831302709304084796824037560627
831614841299492490150600052762
831890823481660355763791670341
832089615782376366986975007835
832688272312788054024047309901
832690385075365189554140873593
832821814687907036019116435642
832937514435144837588336274411
833912668529570301991425123818
834064505031359893072773569952
834225370826195295508841398778
834580846965592562816481718514
835548893269258033173739391204
836643393205281486971631234408
836694126670660189373013635236
837238438887960003873471659771
837369225303854838737624224696
837553090865980545975084458838
837789642429357854451603392769
838228548526753125345813478252
838811555529757328581423705139
838902778504681500907000994137
839529898667820024082837877596
840187118511991071745363630060
840349201457492796953806123638
840481071762508755301850682462
841628981945179561179902448076
841925978781936963056993725108
842119321686677326326599232480
842703015324221682239026942644
843041669385482017051757690634
844078070790153953273612872263
844490473979899404495089991309
844590853499417773123915678958
845387863235219508713455718649
845797660740460727918794997723
846162983439376737745313889511
847399974683698245535874039048
847744111125028398084255774584
849785364619875561427412535292
850074125782722348854108825825
850194333758094589513588908613
850353960930640701979041318419
850663814002583001975579123223
851223484622775298297351470639
851260478935022179027173505272
851880761908097436077195253142
851993188827414080152096927220
852653963246289938278489226608
853026899081329507134108021315
853115577254383061111885639821
854453600221759376835261217862
855548696082771463355818685481
855856223379615307339302311471
856215595538121552450411653607
857135901196611901989754355790
857156954806271510655600582605
857319141300645096052432074451
858181027353220569211220240439
858606548291631628735331598450
859449862259766624069534309946
859608815189343323427536528358
859626972154018606896740037195
860107747437675507831472838397
861252549594712905232993554090
861730254920922067747361148618
865542198704114264103899246650
867212136889907901144627953705
867489129416422483824545477083
868041407474934070908575190274
868330075372815968619089101955
868479297693903991201041622377
869149191667930203254574399983
869186794223431398174677592830
869708768726918134785773309960
871000075177400270878136863965
871830646948317229812292320341
871940870158225892262531203780
871943609760607111760969847215
872462057761494321678023898518
872896681007680660356919760119
873404561838701411148435905626
873995538048144676058914276114
874036241715126710402131861682
875499003748497682874552918423
876383407501358182818436105552
876838218615689837826409528809
877150052471047341977215603231
877157268401300907938774404997
877391659803085961847493089811
878946028542965673734113248647
879060784484992536437130306534
879129925265875891311011328774
879242722351712357668451821105
879583729832132256417693627001
879743190684927893635566175319
880004204174833170788830665775
880101790489788016131744730120
880185203202046881252234352398
880682473518782592100584471420
880722572263306896855745160434
880968671442277759683278957008
881747796484583064858944659126
884428275574140868225798390377
884436405753462062498166682371
884954040039301031142363740159
884987481410476598963697910813
885382533589355498809210186125
885690484269892249378064204524
885905049489484256088437261913
887150456200838738904757146501
888075019161149323373043667882
888987981685114086030172150803
889770022728676292263911414427
889798636635563921950676545496
889918280799813106865562830897
890393453229358496323617523019
890408415519590111142911632708
890704930748151455663564672309
892335145089953872090557363977
893549864132290128559981930191
893574436574783037721090722695
893677508477078256574143962008
893934219924268932557825322225
895252787258323617836352225405
895809765888307698867687215849
896670274999206128523074040021
896681408810762643946724853695
896913928960319470097157188096
896917560669566533368396255252
898849193147265581555265227465
899530717992430588196371778777
899717334629625477629154053052
899855226957883938006703018492
900455804604533760864827362874
900669943174178235195146321512
902219231221540411870600372378
903526936020005974336959247575
904605501947817307994222032931
905220164947630281558252950565
905296136092716301275361236723
906359427474793598893447757288
906412334572891663456778258992
906687988327402389970318651724
908222364605375584381241655569
909205381315154627434201504705
910135461557862436030371009431
910720765599199599537539161429
910747054248855370534301084475
911089395151025383410984844602
913120430123531384928558700139
913143268567518652943440966649
914214121893730187665306115106
914453009562646332535563289586
915324160220177063807319330994
915344904030623519840533649870
915473651311966903788581294654
915960589334490999164638646219
916001218625736668644507689594
916588163374428454251491889729
917115251202926670020929539267
917413742347028860875229544512
917422196892804524124047559329
917882322199141580546728856707
918047985323634488880204069531
918615744913487798466288980194
919307495311811182933581228094
919454129837204344823343859023
919660536438716557886104861447
919786004371253757438192258944
920330907930812163711154611431
920590437066180153465224496812
920710004497366263563359086000
920809894304316425808030439691
921168924083670270051491477365
921398371425466172284806303330
921724288758767094609115006790
923213538148646022263034756410
923350078789975815942884544426
923709105561520055905493064553
924184321049361263222144961551
925357117832727090689519244274
925784583735711765805512816362
925822318788073052723533038376
925947227457054418224810950462
926021263218812542657821441727
926254034647564407223677370959
926323305811986736733442180300
927108188516534153749522316508
927332583504804140581044229471
927842207056515150190242080304
928827851209221904747910261719
929230817573428251015439747319
929336680166049009083844037546
929636676842755087545566069230
930080251747738640395323671720
930224269996580173081275216218
930400758005505049892977801449
930761777016932009756830171554
931579667374682201093604052658
931921832931208749274240395685
932968146097499444626728345497
932969448546414681811397887474
933198251647283281791535730821
933281363260444817861107877146
934218248543420468598612594279
934548670005843411949700115545
934550754382391349061135684721
936529424431973478687429878313
936751256342573558368721526724
936790926724992912526456380091
936889641448144069311343238126
937385932850591226954099360539
937987882630927020405042153404
938197476749351258191795586960
938251293468998736666310487141
938282758278918687764669797619
938824098463268439844013722538
939033649073841493462846672958
939044413922922042504765461764
939912861683320653354389588664
941366124247585609983673136710
943169693236155086645371301268
943252367187911775587034860548
943376269956328495577112541073
943465373906282123765524184502
943662842174099965011912925565
944014932284795243272568676255
944471922106604911374188840137
944582531679132861954551442606
944663012737666483415342400998
945364192964279930106127823015
945445728455429624173843654605
945496044995827938200117832203
945526003369225329987858503968
945690403669120742195821042498
946150283409593974776444876353
946167171968894582724746933615
946255308715107564756557121838
946731015196494676897860960440
947250774096695308457598022648
947889807520501370663403060169
948105688253371721084193236122
948986308501174907260727476698
949087289655197697874358046482
949577952025539574841817809185
949996252614365090089029662920
950196974585517058089530060891
950798212103004079742189381353
950921764676120834090184025791
952577368931407259873791008563
953060537850332282137155510805
953132307535436952458464635414
955296520294250935051415062607
955585653660656832565955440217
956019955360152061890726632934
956420073701375491887537597440
957545721183567373125892328806
957982113693535846152604309026
958127397204400539344577818807
959102096209050711950451799614
959331892564132811147743418993
959575114601696009580029383394
960175395385667649765903801572
960756823310145236098597920028
961285887793720334702806552401
961837333260097112813914986411
962334586098172489834436958663
962797367096569285828135766326
963368557716684250486681483172
963498726548009673215236923964
963882399868247973200421669936
964114840189246844481401381210
964328665620062872945990034663
964391942344618038351805217315
964840032902788182829966692521
965164489057611928699475497256
965249900001684272670477448545
966086524159162903080486041592
968765979400157340776468299802
969117397278082529445164651301
969121404918079435751856783981
969709221108598025497077496209
969790503310431087357104558748
969876493779498997277164735809
969935189734246455914422081914
970001767484860661277684011066
970466759278522558590773012592
970499279539142304989028434133
971214667311984973357995912122
971501644256956194505558522373
972737009029876962503668311935
972782941236451217222138200175
973048554469930182164618559817
973386375749808433124153409139
973400026395643720024677950372
974151931774946865908967047182
974523715628879747825825748092
974557993755872715729779855526
974827622843151246611575885907
975380005343426122867077040965
975420371264717429698393236504
975932149162730318807471470908
976011380997350893050920791212
976791633488958636575781408088
977016252641415684690391409028
977835077753763503440026427273
978281426946797463256441269037
979004623539413914467160800921
979431167230168027160363998678
980252235882508964046755148280
980282951074726412910508346240
980284777331255121983535645912
981530553530346469146428591586
981626422304825579550503866624
982075263010294691753031057103
982113605494059676330050209949
982151711801876415188928982110
982843512728091697571161024355
983510219721235111615113162107
983534645757871012040547255136
984650039067770226957500514164
985894142286925714549755943959
986167946293784858161624579214
986233275400199696185831416832
986290737487299693336759267926
986370041292205888663086297836
986775843483741694839342408072
987169832745928014788148293824
987637059964853672278157266205
988200270205732838601136406895
989839420017424195510772195922
991535883582819566925878120316
991590685980041852198784881405
991731476608551233843414108148
993056950093007232553641510338
993280989248762004867540118827
993403269417504846762795764322
993577387162376653262635062150
993998020136424861690973690417
994564853991695640577550531336
995264344823446871080017515242
995345885498368112148301275357
996130224235154038726834619482
996155354836997279307292727726
996371454956269908090649134999
996874358950968861671821912020
997421953293842730521239674407
997862488477641976315078040293
