78621769207179356227032444
704678391149284739676067985
746914134142642346813324797
2594197375563850296773845719
3426455194337740041268636462
3824082893798913638922028670
4763117240605299375257932124
5206372061241635390518865022
8938126375917066882452062302
9179847271740072543644435384
10169175875361541961057782287
11207781954269683725251658830
11271094324259304392310972331
11697383004021397452709031386
12214454360431415873949224366
12305892040982798132558248866
12333391118086694953158714793
12358508216439912411216166453
12682622997991099008167596772
12979298201990808583352647709
13160478420020898208649348023
13350054281507390749497789631
13452686760007326308920480672
14170554378974348423741641940
16862713118772514769233142586
16991456708968163115517353055
17038134767762845426508390207
17389267545871003628247606826
18120333023434851922741896045
19089697689995068444759415532
19801174574851230139403956897
19925440839548478996860870984
20110064104936040530198426683
20534656174005637806808501976
20690557055776536924240469492
20834945142803880850557330875
21051869568108165384644443735
21391424443607456323185101719
22851881268830381080117174665
23379846427482154314628861291
26949676457672618008691184735
30751259230025182028155235922
30931769442019037938582897026
31189772816668915600164494594
32218172105202412139627314870
32710051886211394210119622783
34189839241303920399873205971
35318936829924392705776537531
36655499682942207807112731568
37035874600319576061416595588
37139755401925051430186588235
38128094251575377789388434366
38246525363709950930388787318
41431444119792248680144443381
44021579271717776881982305252
44634263221782119738420829880
46159561345217365891151535059
46171679596846987175960819286
49329267896962171958438346889
50052754704926064480813618817
50358420413953853477108491758
50525029817156749832541684810
50747106473523793405263132857
52257328206691939432790488631
53728671843540479589428763140
54572812268563293049500654926
55544094371298451989553980799
55876028251600758895361596430
56183999270685074564573373900
57815638920020245398839963563
59604125786044824059666685798
61784872036973925017580993053
62182106209937315699914617573
63743576386417430039414845023
66067302493160735058740039144
67149516973574862437857243394
67364948636919670286001102796
67632534545328444607980502283
69853330882684775636771101670
70894139827567319508283043368
71995031192331655723730735152
73255111643402562695665456043
74770184068039155472299739665
75733247112485387629214760894
76994927098496238993942078779
77942816450871774061644899803
78323272324153200171895309074
78393615101691316568760379162
78600840375507079670591775637
79024655516121391533024694986
79590430593098468670718328588
81622890178927682403674690317
83041575702357252206642050443
84281734933344700758361163208
84544495757229591835902958170
84623536418091745084976354865
84996970186850381537438152430
87186905303969563639887261359
88145731865174373453852674251
88540426909141453026901133107
88578309365812663587391768352
89647017344066437798048524451
92286592628154552126403113362
92572346044057942114595331427
93038362854594836376698363403
93547554423370955852857530915
94191722315979842003026646734
94751324425847615343290950786
99768718740237223611315629153
100034316820124078193935478157
101393793548959249264381811239
102682560530353727954839960567
103208062988332383880800002778
105478356158462557163722688838
106322798372072255888749965451
108013070527568500715065095565
110542259845524089514381483308
110735440733160674788502710638
110752106932567937032331455290
111943773240567637175178662049
113431264349489273399764682711
113506382992743707250059809182
116354223929534692865217073610
117780167955480616840938000204
119499628124300651343942371398
119616658465615688763215873369
120675042795294828119450185164
120817115132120009341992276897
121651151228435402804161822662
123339444170885661628136970431
124250794579233848160955918652
127088571253913368111775330225
127670454340202246976593790720
127975134766365811577679133301
131313796288931758881171297346
132649682158862443775269433023
133259120867012238929234355096
134015670506499718794193941148
138033365157962089123504636652
138703340602404518442550073029
138855367476916044355451002266
138984154182207144360176159184
139003993797936121770762288751
140251956814034925608961807848
141352992410140194122509898047
141750268907184747045185773352
142133628285625353454151338858
142212848396411015703352306338
142270790595505654188781177580
142328036549967072247639652207
142876481049241618721520122580
143004009883384985080368217733
143156938299188843304157943451
143284245160087825713634320947
144700147114189198263663603921
145598740969702157780631918477
146052077495942857274871021116
147411352430789393426626507822
147865239859124414043916146023
150532698653223607553109235298
153569143443807529685921371845
156830864931918285517441489426
159795927636017888794450549461
160380608523180015631084298870
161839095091484398470893619006
166037054494332759532109137356
168401694158500008072926509862
169707951113429682093977614657
170657997478167471936601002532
170713800208382348702391280838
171267108325821068600458980803
173565871573480515268153031932
173871441375588275624230737922
174404956328857296330326188855
175148021079274326753638714530
176113870545750729669430611306
176803520043083763273307360316
177945372684425742539259849315
179335476458415039020649775093
181843062377144663777432923382
183302920512291219084991019013
183320135053067291250007452714
183541147855122890646710392830
184371411638031898382899282574
191069537178680201621745049140
191260622084486031031282576326
192144295097831727522240532470
192336265835650311370985182152
193690389217360916396739617235
194054462325764161110720952047
194122219123356786465399203848
194355743070195545952004497675
194848558887678252689605396857
195578387948374638056332537964
197971684093998121601521291913
198925178509766153689196448855
199024641253902309040173848027
199290190968430059400572414497
199849329963633237924230479065
200089621604677282744262520554
200321564911270371549009267995
201004912998822600727432836536
202308596270223369555962011231
203302354077501958104138329792
203370412544468534513593468079
203743961826029787082967664116
205871065674001348799306164334
206618587664244274830457280406
208361908850754730044075981687
209005628823096929873836486886
209687539651241353618920685057
210895374982848220785004217428
211507088185721923264324624741
213691332463145881264769200026
213703610661198507277763840787
214718412523605409504928121936
214940158911335540622208334871
215203616508261651950506387551
215851621180957164447481064398
218108929850631639315977343440
218632790082511788771865658424
219137111841310481102260695827
219717979387187635754524750560
220445616460399606332431992448
221144115978200391394128894510
221469174024798281568372682366
221835427838649883618368363914
221930807476571168010749280808
222267148867335891097596812411
223572509953256750992837721528
224667127806614534326869561111
226351113116035648884303300184
226721449516378681963850207997
230745969247029615485768789438
230768656569636662620599609612
231235511980030201833166468998
232933533691021658378193607273
235814454469373065335148884309
235866631649659103556090649947
236144850261313847889943299984
238457794387462624410975109812
238645714257550660628779440731
240645579757538584295858640130
241017743904428909932805915377
241027915277503655425559186619
242353147652738431452040517474
242801030933489860105778565974
243084361037734010738896829214
243455395172025810403026217051
243736229579723989287084560534
244569870292936625582014264226
245195824675962733532170252973
245406683991371667770340495333
246567152816090141916177617616
247568896175624450183265646388
251332761376039563178805192199
251388644383206927048888390732
252271973025099710835218718344
253572706795755086046936963206
254723745434684314529852668262
256649122030316870379402903631
258055541953146313168492049677
258514813705979199485583452025
260594562668348050948764049378
260802893438416925846888070436
260940808308199771639509767071
261903014999054647387977471052
262287292509677543946892767993
263303884955081128582847938513
263774857196379653195749023290
263833594816902680224941468542
265731290877427253281205292074
266867084122154922195107144392
267065781096940723369981358662
267210708919254155207471958960
268385471859022621250486456783
269554367346403836798772101848
269557456223569021200453712520
270906658989836560631605767888
271051350513414048431827448255
271607422578790600920192296938
271717552051872051300371351753
272741352472090464705405730900
273978472193839498958818746168
276979865007380643334115188350
277091808602639648494246804428
278623990239751224960773022319
279743810404508288775739006226
280059660826000793208053268798
280161493760122673763747659557
280742296429029581897874410794
282669740038541664050354497781
284634351452532915639503338780
285446874062823549646831022462
288980333324890113646556065216
290021580182210312197691778419
290822957050581739207003538665
293718294914421352137731718758
294037675990197881765211095248
294588587824953359895080404343
294832065810681509570412823040
296611042667578376173790250606
297421276792351126581127282008
300388014000897185294101573900
300785303134746958170023023769
301587463185184235366909095801
302328173922623474501048989052
303360441468766461970846719149
304357604792883456659501263153
304725996396677439353202253201
305187969188342663103698445402
306044137377133000333518832501
306736053452438473144582436936
306877246988437463842715237865
307316339863768407294518862168
307948898672496122869859557059
307965042628448243000723175113
308138919816926994682636221773
308286848588787243010963152593
309029730062067488363166511553
309847015307817038796491145369
310555893491735833910377845090
310597772966554500690369317751
310622524908760539305568375971
311912417108201296600047949348
313914169003863068218549689876
314254971973978508787190041917
314697215707061722528401620919
315794789051753499097871829374
315932860925608779013074647246
317562090467571160664887997425
320668718906935776678013225910
324199002843815683523412124320
325590515702641117628740599737
326165498208264404800356558813
328814129984337974014495759297
329212322971038373946850603831
329334387336164456150093106990
331736395822694637131785562007
332945669029326983109344340295
333223180544331269841977221620
333837130080082391890670964695
337787605054082751893768264920
337847186561326769353924091900
338129459678037392472440001397
338430428631453491547773232713
340845111956387362114759683731
340857345389025305828217372975
342549319614814216442271297111
342851804341896308913347830398
343428822905999518358870050990
343747769091780887989849471471
343802322622818733485889839823
344104773528300357852500851262
344803729942400707106489972821
346872677301701568042073276360
349140431583410332483079589326
349873021679473276937181588253
351614548470283557647441860332
354265523150281159925548668973
355398929707989819858707416360
355701247282115166776777112291
356411796613162150674657214822
359846738774168340644717183971
360719044923679432856640010055
361861138554685375480264050829
362495646242715829423144947596
364538499423383521636596138102
364739361939994913865359925197
365094891048124302766003724837
365355800369328036672440617851
365617375664441661308935070740
366267729412597781329653234843
367401347642260268550596972566
367904582089451668577777574146
367963749955609133117096188734
369381998977238693942296618248
370543932556966637872294988453
371847077423802939492254268883
372667615782224367280735247688
373701604625429902650819351985
374197152132791584721084228323
374797484579131404196319921308
376509623478224424451184135637
380828299010179838481529859405
381785767415539900188901206133
383882492488914919408247481281
384972938165498236460955031272
385710847428733603604905847622
386034256422176609959250513577
387263083444667988177991610220
389236679311254934883680056124
390967480018003881694043618240
391195719853142624964013058444
391864686664684572824966072039
393280231536107091608540173659
393364151368620563771457069659
393738918521081346046641397563
394877990267893597237600298196
395926253798974063041789414120
396830722990381184059962978896
397591102109176084389876430265
402634378793784654846783469198
403017704867944722792717876017
403723826267318199435007517139
404232543191896597011774057835
404414270893729813126340633670
405233064610305363545509304459
405507159669961644238541170116
405922300760442113701178468590
406258758041289860067166324623
406908933249366762458329396553
406923800487490906537838918774
407277386935426846012815135161
410557225563123332965190754547
411841888682130392714937526217
412223899905438251911819198964
412383446652558234751569530399
414388307495914930222743764667
415941684106369551646078270937
416023415552528575668557664781
416525418688229796797936319810
416653864368033462176889793922
419071020753494664436689241626
419470931705433222330546488458
421736066925408197960021004941
423270430537731110049403045205
427240448251577208883621578041
427482356903996608321877016359
430594112519909289395912981221
432371946422109767363633070569
433369765485988461011112280943
434281294893867118169161010335
435137179613035959287040014443
436910918186809633633438325825
441651506504615947489438691384
442646687353819822376792478553
443996560173681616789011369345
445532333348801757011301318874
446253899687188166543716546370
446426883900864882115388016441
446817493853633882591154507380
452629868278313001669062927351
453794199963743489833854180333
453892878501467560374613430568
453963117124685381185125727464
454112863430122788885637831906
454719087987684467079971223941
454775428065707577118425913910
455201937872177042180382238132
455448625406137445702034593035
456271693342265794199339554159
456631569463453929811963991361
456752384881557543987419553722
458574779395650457109882927524
460465664531648638103765074086
460476407095497496572628306287
462107445895106229711041542778
462463117329574139963729511366
464635393026772756565531245815
464709182352291543404277420341
469562061755963109942190356003
469671834583136441278060140906
470673456059427375737719402564
470695039234348367169806793071
471975148411472350020180082655
474186818326467371907543458225
474692503366743531989410526623
476431036249458869304716232926
477021893357868717782002407728
477868413246017779929593963287
478488502909235992951661511380
478688941208777819068631895284
479610721977513374704256075503
479818939225280797115853040977
480282798100313484229973578850
480390081725383948995217512146
480845187892170105194050133725
481843266537762823500235057215
483020095463217647986165456896
483827730194115807022386801402
486464288625438310865775348943
488344443641653541223106170667
488730991342713631495337971667
488973966081781992433471412528
489363861835122166937075688874
490058907316274919250386573297
491412381429520341268051947459
491675779158851801954915638948
494547847826459936904957296245
494745626576062238753283481704
495517508864966374721706428763
495780874282072649729231921992
495989012130786172574353238555
496375207865473036755690970340
497408389381183237464669275173
497490576391855870069610446730
497562516968747510090758801652
497684311320276035485375427297
498823763934506938655083988513
499485015068329425817831429541
499867879489404582565945810311
500076009816665137201657039855
500168747277525652089916524153
501222684767154530244064601870
501476640784152127848731891686
501681726672214370841743835029
502160862749809099655052484681
503984074437286165830473143624
504197011403428473701414712212
507201366983693296428131875429
507883432911875243302325142021
508755191766951415585708048030
509200756995872759013515239643
509763760611549695851558475215
512351108193864183479962748491
512567541708840758988317589841
513441434650936682916814886607
514643394294192396155807756789
514855515924550304586964075197
516783176616577185573709880485
517527249780587062364744097593
518033360738532792146288267431
518357264214048563992638874194
518531868842814228204872407887
519897065593613825362248712096
520090824196188655304663225271
520620604265802979505904693075
520634860036073685708930180797
521258213848292172892911952588
523028976037645048200759292521
523797431442269404549010340524
525502372540873075665145469642
526830174346143486406209514134
528623162173893444651390843018
529581555990820434158633715525
531571106150379422251164740591
531614956202259212005967234874
531958502928756136293604724218
532225954759466597978543521581
532584056794328145263832066229
535768031798691863980475678939
536031011046540326178643979328
536202924451329518189636268079
537573213184519760072363978544
537797188902235336687702125260
538497945201292134024915110984
540575209982418344581917119124
541402695378868577999806484721
541492559811630552278611649585
541886429862437556499776883343
544636384374686418771990837540
547204085882489264211361450411
547766557133363562889334656388
548663632131938427537170860004
549028327516215367552276507662
549269195411369524274105800660
552055867314603426172838086012
552155695005880376227058449773
555409737363336386171434646637
556564495685142457434128246493
556716472353157217513375303402
556769162235815023244428815921
558073565738733838394171414547
562906443455182791442324571470
563160234073975585355995342231
563771480885318828350684597683
563922172594395229224845067780
564052662970777681627887875614
564854131455080700883524018412
565875921026041352090825207526
566108228611834574696712891329
567899293595967883789102832287
568509051615536434671588835651
569362397000737438342999381817
572284104347242112965815421773
572403231454557651445976162298
572494955890557926466917464191
572685073114573175082378373993
573812865424962821091970367816
573924212397212525196359466629
578294883944013316995943897961
578360951395854508830078941561
581174006908254499119532836497
583861369413083418907437272751
584210779228630949208162101328
584256822020488685603434877653
585724356893500933365567792642
586988179956797989597266614516
587585783396728367923921447248
587774474647222614622549482250
587933868884403015654136667586
589882016274045821870933506027
590002862803061764482159217179
590383361161475662807984324493
590581621776447163212002986417
590957689481308276348545842986
592236476775255644030759292393
594042614707781377677539891836
594511856441590029270699348596
595258504010195947531980248002
597317316459191796476121309025
598247063177839159163015829054
600825742005036694519786828261
601422028023035442373103948102
603029091912168415973193443101
603051748795906360587078051983
603341850047500984792971485486
604234077930977489963016924336
607192176853929436923058180570
607813896084126883491452022305
608455302709300568599141646991
608500236236604941641449961446
608840471673181329833837101466
609462355125927886121154836863
609927695012249545949584555044
612627888394567780432307400750
615732670408663460531083694328
617365069596767836708470216633
618493675222819550530689283500
618588993758569908724102616591
619282947847726677601519337659
621407359433011404818468758821
622109636075736009675286537610
623496857383959847225915070960
624941395363895555521677663487
629524885763918387485135830519
629705445421769409489424906510
632103273823926170312568073054
632528232778990118388832523357
634645953223520523889493259150
634815248877766801095402093763
636061610535008391619721231662
636500516796184525575662744132
637987028749106985244266085664
640974462628769536503124092978
641115531404097730315054481481
642146602667246775731166059158
644113725838396681005675069449
645426229680389975099502312774
646089864008581511140442551616
646177420740047790015246289980
647987147711533275378054724470
648356371260816163190869198636
649308337987895406009020834367
649548504505010418977050816973
650155065469575394892959084450
650688060023293561303580284692
655610888977064302538248996102
655636243956191224895728771860
655904320532428488597040116225
656998231335099219616653399400
657016989884511217114992284752
657833684571124058740049773797
658181161965939342433377984398
658595749521434155775351127153
660568821518583441158955560884
661280453790789411766767556187
661473213115828491947552419769
663298556862144701007509612161
664795532730172603533991700199
664876090543321298363598666252
665178432567349360791755436041
665275611779068590145469694444
665713248783928088488788402443
665848659281287697980235683277
665914470305475058091341014377
666006230547237039533093082367
667619786829761439348930405360
668286159147122317217227134502
668567237380000559323914795542
670010210351499309886874076247
671841047538890211476841806180
672637871667083561838472472932
673458138982843727819105933886
674159414091160338036714273302
674272304893144002851073021700
675181198608975449299959128548
675822028726451701904539290238
676214912825658888814492556883
676379238971391588071158939764
676436003086724833109307526373
678107202300438194500275730121
678720324362316941489167388911
678722424236899598186600273566
679624601933456323046944309487
679935289634781604389148351595
682057290952541826967245038486
682121027932742881859192584735
683258600035653554482674244124
684025652127154894381677154737
685005215969409196308495105557
686387705037263831031113896332
691665159556796979683401937638
691754925485407168462551490849
691895452957300426034681678387
693293259806621269764312450925
696439833223681638614402066991
699320004092288332608079846466
699922330812886390737579253457
700162330412250915884816923711
701608191767500750738574116256
702319779581736137531909727862
703130531167183171716738285710
709275096303222347013839488922
712145527832694423153284531335
712248344215745430761503896213
715140813128745536778524197654
715904993498714544360241968129
715920788598132439577460555515
716176832099572554255893049518
717575559059822273933873609539
718070010910676440030203357031
718117032678184214349815879438
718763540725994195423700814917
719555660352452608785383370897
719753248982515436978956327036
720226266144724740986913277135
720240585332162413191403725389
721764782266130653243712477401
721889840930554782974354272089
722046239844290840201583870216
722913714774045545213498004546
723056690349246882704430838001
723277863495908988578203862366
727892934004100043967929684626
729022603358601779435653563058
731357918041152456229009233543
731635384675687662063762444601
733146906699663143031645102195
734138171204939317751818881453
735664631379643503612852819332
736353489679594317335811524356
737425524901872587832121885494
737998365591499809420730852184
739006909681553731725196130201
739154355866367972498127397194
741177931907898615584132617962
741369378359042599355976093331
741903033691166972617252012823
743167974066936130782886243170
743997882816585509289456907642
744478269646616990990445193771
744933895532321935231497757708
745153991871839771578526434109
748761097363599258497687925823
749678881211217014827323688506
750280919290591478673182073901
753305219745876975940737022307
754313567676746949275016546421
755270737600928768817657986340
756092957127494834822486657263
756782221639182016760749046426
757072600117301478669880992516
757239678701960313038668462666
757811426552037284466483869878
758541897219811515481236280156
758929072739685691541376978149
759584670274056346822897762987
760211840522498446169837987802
760227588952469949865937367506
760527148638396098061563378376
761741748513696882533319265463
762087909639996561096571921703
762994166990511329762811672415
766507185987327393187926350229
767318019113421443528850318971
768061321300365682661522246595
770604639537357128406383830203
771310727702781674041116413054
771997414488681356770720943605
772023971513478657283048536608
773966593203593334748648755217
775461703131869521448885488925
775489427158020445498936185784
775891612719985849107219774665
776169599620302465880495159428
777034746418042130883499550289
778062522807470242340925593021
778179449437003297063479545171
778945914334890331179324222209
780416848917188348329786188250
782292668959239152444158931092
783616821742239233982660529974
784006761788718641180527286075
784395053541127868296201817170
784678003093671236858606490006
784916338007334723542936147717
786610601377264623532588553621
787256450868405287681525544796
787572034625259021494661425892
787765506794864008078966469662
788927472142748845662006637500
789329622095496670984368655797
795174933619686494500478000499
795513504979176118204197016526
797514728312230641526473452231
797553444297364625293387150721
797966790014809542610984791911
798115791273311755542793434775
800154751084297477660130441350
801006073042082216684523973217
801063273985035242060807924912
803208068044650481065421600589
804388447574923152891745180562
805769916086818668597823223826
806231561442156023189886674033
808728691602766184195952449662
809127331026900100819743854807
811005719139509430484178992708
811076169989703953452856456279
811227911323903758557231457364
811390399551485363075750725018
813182307270767983028003888879
813645898395104088555733148808
814038307632167520764053015484
817375986293706177841117752525
817771238793109284861879419610
817835706208312861150018017021
818376537821503117750330513854
821481222477622338665347073316
822709978190692695710734369930
822770542946501588308487451506
822999507819453947525804585929
823778538120637812301594718115
824008892004428874138342198934
824680317042747702754093248898
825637798315934898532655293589
827137654789409830765987713030
827891129739643768474725303488
830156978645664059052314568744
832590160171870626061598332569
833845566398805992527443014999
836170657281186788560205986871
836857770398320823514500799073
837621454216631104440599984930
837921132846011142555728640179
838749100010360654442473546975
839792993613916843993286193506
841502553663970646605364720657
841694329465016726872489327967
842241973564592235466922098979
842793488072686579774319967752
842977344891354397760655669496
843602604085496343497116186994
844503249975015128019090808485
845604166867281538314413205822
847847245753056900342746837224
848508490126562270007617832626
848984233299283185071547947139
849156096863506241968869479616
850758043442027439892928745574
851512311915183918701004897771
855474176915384723131714336813
858589931676698897502392681686
859025748581736201987515705411
860397527853317906811110205901
861047593319130743990840342846
861681701843692862968928934585
862560377927231913448525481497
865487442957890590715129007855
866010727199699053425327346545
868589527314685964700994815065
869932393063899059791030382212
870604905213536246695859738747
871331813628779525876530434573
872447817140344027119238956501
873602573315454745067865941611
874120041171918091093540266367
876117584476098157963789897790
876281789009491413866671254110
877351530198466491838873622611
878491869285867613780790637890
878520080590042997057560977660
878550012011698572247635903529
879156622743228456590153014022
880848883460191459795467372206
885845631239807718563947226760
885995671632794520083447399297
887862309194219694817115647069
888355727918268225286292929376
889105853964661271330041059144
889905983639463966583044784298
890201350721162457573108231202
891312518967911852719672263020
894038413201797818361605066992
894870712425286851100465281994
895558524493443832936484181143
897088741456666533428840538496
897871978242419439850203699100
897971382227197583066100338166
898444402438754697961184823799
899536022782193710665535264124
900570512942564053136658835485
900575262151388484463812436423
901754283516936265844961322025
902511114445846412007984607856
904457828797082111680700269626
904602026121328483718958712235
907445777545242849873310404701
907985141957505270500190890707
909475643652944356763542088312
909701733328360873417403549619
909800893759459048172716900558
910243062607613227965831383727
913248347988178934271135658478
913738102562104466066317634452
914145961710356419667308634893
915492226826617596436582370186
917865644754561921190618864782
918521537549065378591645679133
920738148453181755653358995977
921357188593113410464969031205
921810390159401847468823129002
922393541289537412239130894858
922430566636621500746820881363
923613890547000941539767240226
924168646372223293794087082928
924740904296734382922792729250
924916303106331975096619420040
926735584073462695566761591023
927049313032885276127286627177
927428660482937087132264342831
927822928772306440564487072260
928431788568452428715662626436
928893414992534481682690068201
929293429319114338333831865972
930253832510453081122105138528
931077847679957079906901151687
932139053073081894867919192539
934099188165562503314494546868
935290265517418018491604705238
936017161077154697444516639422
938937876580624906435361332553
939982365642749659893625007077
940161022781844193416053962404
940956495726467691978463336336
941642344245475318570495165146
942604373633028909697524737201
942739734662029161682263304442
943884727270602316048415330461
946319071498098028865592335938
947603312426750315950133931751
947673120582935801198347544455
949647819853165902793166006393
950654518769576886423482360231
951837925527725052790320858236
953108632282086630136495489321
954673179147287726569530760863
955085501137487387463759716502
956062991886388251481862502837
958572563946787510567752599340
958721569426697408101809212993
960985383848912719415403154519
961001894305671779855335257805
961070940615770574050884284913
961427471666779981382308572522
962514355442589898517550835527
963415611560113988199344514110
963790207628183650526967443929
964116286862509355685542363489
964310710528813117035801521831
965921665266383795285691363806
966306219321825938193508028674
966939925431451767957847326991
967117138643819380684673844151
968819762901890703035859510238
969495894352014751980762158044
970851530978613459283212852759
970918845791451085208799462828
973042067087585488995522849166
973971917855439091388296416285
976460850538718887984273509946
976715106266294073772974724291
977091016594087615494690953857
977322166981406283746929390819
977558426857503458906379921734
978691989265462799752263091505
979179046723042198525658736604
980139274020096087030719675044
981966526059780606733828192428
981981199095277275571216742057
982993380947220902671637136357
984198919433129601362056931323
986510655428902791445189435420
987733668053730814160201439617
987846692654971493600449961570
989180877796925148365279619721
989739103714658240635368415252
990679073772492526610730173807
991990906194408500294464255838
992343375984652321111051886808
992410389973091298624598434595
992618243344072166773210200565
994748344534410400853042167759
995298272550284897664436519995
996438143170616381829595811181
996820190578081747970410564988
997694231918047294931729812746
999161168052429444696830103042
